"";"query";"significant";"p_value";"term_size";"query_size";"intersection_size";"precision";"recall";"term_id";"source";"term_name";"effective_domain_size";"source_order";"set"
"1";"query_1";TRUE;3,67513506637151e-33;6436;2453;1025;0,417855686913983;0,159260410192666;"GO:0051179";"GO:BP";"localization";21100;15648;"Up"
"2";"query_1";TRUE;7,34548721420305e-28;4903;2467;810;0,328334008917714;0,165204976544972;"GO:0051234";"GO:BP";"establishment of localization";21100;15692;"Up"
"3";"query_1";TRUE;1,7795210695094e-26;4742;2467;783;0,31738954195379;0,165120202446225;"GO:0006810";"GO:BP";"transport";21100;2766;"Up"
"4";"query_1";TRUE;1,94845083321856e-21;2430;2522;454;0,180015860428232;0,186831275720165;"GO:0007399";"GO:BP";"nervous system development";21100;3276;"Up"
"5";"query_1";TRUE;2,17599556515543e-21;3768;2422;622;0,256812551610239;0,165074309978769;"GO:0065008";"GO:BP";"regulation of biological quality";21100;18613;"Up"
"6";"query_1";TRUE;1,76633835773704e-19;6317;2522;971;0,385011895321174;0,153712205160678;"GO:0032502";"GO:BP";"developmental process";21100;8804;"Up"
"7";"query_1";TRUE;1,31748005363823e-18;5754;2522;894;0,354480570975416;0,155370177267987;"GO:0048856";"GO:BP";"anatomical structure development";21100;15146;"Up"
"8";"query_1";TRUE;3,8768416398918e-18;4313;2522;702;0,278350515463918;0,162763737537677;"GO:0048731";"GO:BP";"system development";21100;15031;"Up"
"9";"query_1";TRUE;5,86615730029365e-18;2725;2511;481;0,191557148546396;0,17651376146789;"GO:0032879";"GO:BP";"regulation of localization";21100;9081;"Up"
"10";"query_1";TRUE;1,78484139471575e-17;3031;2453;512;0,208724011414594;0,168921148135929;"GO:0051641";"GO:BP";"cellular localization";21100;16000;"Up"
"11";"query_1";TRUE;3,13173971692158e-17;4768;2522;758;0,300555114988105;0,158976510067114;"GO:0007275";"GO:BP";"multicellular organism development";21100;3166;"Up"
"12";"query_1";TRUE;8,53002699496129e-17;7354;2526;1089;0,431116389548694;0,148082676094642;"GO:0032501";"GO:BP";"multicellular organismal process";21100;8803;"Up"
"13";"query_1";TRUE;2,4267373572678e-16;1485;2311;276;0,119428818693206;0,185858585858586;"GO:0120036";"GO:BP";"plasma membrane bounded cell projection organization";21100;22777;"Up"
"14";"query_1";TRUE;2,69318746875648e-16;1724;2466;325;0,131792376317924;0,188515081206497;"GO:0051049";"GO:BP";"regulation of transport";21100;15540;"Up"
"15";"query_1";TRUE;7,35807236881673e-16;1525;2311;280;0,121159671138035;0,183606557377049;"GO:0030030";"GO:BP";"cell projection organization";21100;7676;"Up"
"16";"query_1";TRUE;1,45098154681383e-15;3351;2510;557;0,22191235059761;0,166219039092808;"GO:0023051";"GO:BP";"regulation of signaling";21100;7647;"Up"
"17";"query_1";TRUE;3,69703267185783e-15;8885;2490;1252;0,50281124497992;0,14091164884637;"GO:0050896";"GO:BP";"response to stimulus";21100;15410;"Up"
"18";"query_1";TRUE;9,59485995293605e-15;3336;2510;551;0,219521912350598;0,165167865707434;"GO:0010646";"GO:BP";"regulation of cell communication";21100;4791;"Up"
"19";"query_1";TRUE;1,43889914425717e-14;2276;2310;377;0,163203463203463;0,165641476274165;"GO:0051128";"GO:BP";"regulation of cellular component organization";21100;15598;"Up"
"20";"query_1";TRUE;4,36078636038757e-14;3125;2446;508;0,207686017988553;0,16256;"GO:0033036";"GO:BP";"macromolecule localization";21100;9203;"Up"
"21";"query_1";TRUE;5,68873432515947e-14;7399;2490;1064;0,427309236947791;0,143803216650899;"GO:0051716";"GO:BP";"cellular response to stimulus";21100;16064;"Up"
"22";"query_1";TRUE;6,19754621583086e-14;2559;2524;442;0,175118858954041;0,172723720203204;"GO:0009056";"GO:BP";"catabolic process";21100;3659;"Up"
"23";"query_1";TRUE;9,70950379924987e-14;170;2466;62;0,0251419302514193;0,364705882352941;"GO:0006694";"GO:BP";"steroid biosynthetic process";21100;2662;"Up"
"24";"query_1";TRUE;1,92841536696774e-13;6446;2521;953;0,378024593415311;0,147843623952839;"GO:1901564";"GO:BP";"organonitrogen compound metabolic process";21100;24853;"Up"
"25";"query_1";TRUE;2,48317604018847e-13;11193;2527;1534;0,607043925603482;0,137049941927991;"GO:0050794";"GO:BP";"regulation of cellular process";21100;15325;"Up"
"26";"query_1";TRUE;3,49121355779406e-13;2947;2521;492;0,195160650535502;0,166949440108585;"GO:0009966";"GO:BP";"regulation of signal transduction";21100;4266;"Up"
"27";"query_1";TRUE;3,81202639258986e-13;6224;2527;925;0,366046695686585;0,148618251928021;"GO:0048518";"GO:BP";"positive regulation of biological process";21100;14840;"Up"
"28";"query_1";TRUE;4,31841377194016e-13;1604;2110;262;0,124170616113744;0,163341645885287;"GO:0016192";"GO:BP";"vesicle-mediated transport";21100;5742;"Up"
"29";"query_1";TRUE;6,36336531701957e-13;5687;2527;855;0,338345864661654;0,150342887286794;"GO:0048522";"GO:BP";"positive regulation of cellular process";21100;14844;"Up"
"30";"query_1";TRUE;8,0663508272662e-13;6508;2527;959;0,379501385041551;0,147357098955132;"GO:0007154";"GO:BP";"cell communication";21100;3054;"Up"
"31";"query_1";TRUE;1,60163867330797e-12;1642;2511;303;0,120669056152927;0,184531059683313;"GO:0022008";"GO:BP";"neurogenesis";21100;7544;"Up"
"32";"query_1";TRUE;1,71355074045343e-12;541;1335;87;0,0651685393258427;0,160813308687616;"GO:0061919";"GO:BP";"process utilizing autophagic mechanism";21100;18439;"Up"
"33";"query_1";TRUE;1,71355074045343e-12;541;1335;87;0,0651685393258427;0,160813308687616;"GO:0006914";"GO:BP";"autophagy";21100;2854;"Up"
"34";"query_1";TRUE;2,2233773104544e-12;6451;2527;949;0,375544123466561;0,147108975352659;"GO:0023052";"GO:BP";"signaling";21100;7648;"Up"
"35";"query_1";TRUE;3,67110430674317e-12;2665;2446;437;0,178659035159444;0,163977485928705;"GO:0008104";"GO:BP";"protein localization";21100;3529;"Up"
"36";"query_1";TRUE;4,18700980651504e-12;3010;2489;490;0,196866211329851;0,162790697674419;"GO:0010033";"GO:BP";"response to organic substance";21100;4307;"Up"
"37";"query_1";TRUE;6,45602062647953e-12;1882;2527;337;0,133359715077167;0,179064824654623;"GO:0016310";"GO:BP";"phosphorylation";21100;5776;"Up"
"38";"query_1";TRUE;1,25955671018146e-11;3874;2104;522;0,248098859315589;0,134744450180692;"GO:0006996";"GO:BP";"organelle organization";21100;2920;"Up"
"39";"query_1";TRUE;1,6822457639621e-11;1392;2325;247;0,106236559139785;0,177442528735632;"GO:0006629";"GO:BP";"lipid metabolic process";21100;2601;"Up"
"40";"query_1";TRUE;2,16311783803247e-11;2196;2425;367;0,151340206185567;0,16712204007286;"GO:0051649";"GO:BP";"establishment of localization in cell";21100;16008;"Up"
"41";"query_1";TRUE;2,16951328633103e-11;3895;2523;611;0,242172017439556;0,156867779204108;"GO:0048583";"GO:BP";"regulation of response to stimulus";21100;14895;"Up"
"42";"query_1";TRUE;2,83503984076609e-11;1661;2525;302;0,11960396039604;0,181818181818182;"GO:0007267";"GO:BP";"cell-cell signaling";21100;3158;"Up"
"43";"query_1";TRUE;5,01020569795258e-11;709;2420;151;0,062396694214876;0,212976022566996;"GO:0007268";"GO:BP";"chemical synaptic transmission";21100;3159;"Up"
"44";"query_1";TRUE;5,01020569795258e-11;709;2420;151;0,062396694214876;0,212976022566996;"GO:0098916";"GO:BP";"anterograde trans-synaptic signaling";21100;22162;"Up"
"45";"query_1";TRUE;6,12364323437264e-11;717;2420;152;0,0628099173553719;0,211994421199442;"GO:0099537";"GO:BP";"trans-synaptic signaling";21100;22332;"Up"
"46";"query_1";TRUE;6,3625840831092e-11;1366;2511;256;0,101951413779371;0,187408491947291;"GO:0030182";"GO:BP";"neuron differentiation";21100;7730;"Up"
"47";"query_1";TRUE;6,81643349427164e-11;2781;2510;456;0,181673306772908;0,163969795037756;"GO:0006796";"GO:BP";"phosphate-containing compound metabolic process";21100;2752;"Up"
"48";"query_1";TRUE;6,8302482229872e-11;2803;2510;459;0,182868525896414;0,163753121655369;"GO:0006793";"GO:BP";"phosphorus metabolic process";21100;2749;"Up"
"49";"query_1";TRUE;7,39811892808561e-11;2094;2522;362;0,143536875495638;0,17287488061127;"GO:0048468";"GO:BP";"cell development";21100;14805;"Up"
"50";"query_1";TRUE;7,47735304381147e-11;1108;2511;217;0,0864197530864197;0,195848375451264;"GO:0048666";"GO:BP";"neuron development";21100;14967;"Up"
"51";"query_1";TRUE;8,78551662668403e-11;4184;2511;643;0,256073277578654;0,15368068833652;"GO:0048869";"GO:BP";"cellular developmental process";21100;15158;"Up"
"52";"query_1";TRUE;1,13262208304205e-10;4160;2492;635;0,254815409309791;0,152644230769231;"GO:0030154";"GO:BP";"cell differentiation";21100;7716;"Up"
"53";"query_1";TRUE;1,22426087100462e-10;2629;2490;431;0,173092369477912;0,163940661848612;"GO:0035556";"GO:BP";"intracellular signal transduction";21100;10463;"Up"
"54";"query_1";TRUE;1,37675263520578e-10;1436;2511;265;0,105535643170052;0,184540389972145;"GO:0048699";"GO:BP";"generation of neurons";21100;14999;"Up"
"55";"query_1";TRUE;1,41066394926212e-10;236;1992;62;0,0311244979919679;0,26271186440678;"GO:1901617";"GO:BP";"organic hydroxy compound biosynthetic process";21100;24896;"Up"
"56";"query_1";TRUE;1,99670400991675e-10;2199;2524;375;0,148573692551506;0,170532060027285;"GO:0044248";"GO:BP";"cellular catabolic process";21100;12691;"Up"
"57";"query_1";TRUE;3,68061746200186e-10;3019;2489;481;0,193250301325834;0,159324279562769;"GO:0070887";"GO:BP";"cellular response to chemical stimulus";21100;19115;"Up"
"58";"query_1";TRUE;4,35508511405703e-10;740;2420;153;0,0632231404958678;0,206756756756757;"GO:0099536";"GO:BP";"synaptic signaling";21100;22331;"Up"
"59";"query_1";TRUE;5,85731411596428e-10;559;2504;127;0,0507188498402556;0,227191413237925;"GO:1901615";"GO:BP";"organic hydroxy compound metabolic process";21100;24894;"Up"
"60";"query_1";TRUE;7,49027328129466e-10;1557;2527;281;0,111199050257222;0,180475272960822;"GO:0009719";"GO:BP";"response to endogenous stimulus";21100;4067;"Up"
"61";"query_1";TRUE;9,37063618038425e-10;1010;2526;199;0,0787806809184481;0,197029702970297;"GO:0010243";"GO:BP";"response to organonitrogen compound";21100;4496;"Up"
"62";"query_1";TRUE;1,30698131786291e-09;5957;2527;868;0,343490304709141;0,145710928319624;"GO:0007165";"GO:BP";"signal transduction";21100;3065;"Up"
"63";"query_1";TRUE;1,59579411368936e-09;611;2496;134;0,0536858974358974;0,219312602291326;"GO:0007610";"GO:BP";"behavior";21100;3470;"Up"
"64";"query_1";TRUE;2,0807503438639e-09;398;2498;98;0,0392313851080865;0,246231155778894;"GO:0007018";"GO:BP";"microtubule-based movement";21100;2939;"Up"
"65";"query_1";TRUE;2,33806726943983e-09;308;449;31;0,0690423162583519;0,100649350649351;"GO:0016236";"GO:BP";"macroautophagy";21100;5753;"Up"
"66";"query_1";TRUE;2,35050967959812e-09;4336;2489;649;0,260747288067497;0,149677121771218;"GO:0042221";"GO:BP";"response to chemical";21100;11621;"Up"
"67";"query_1";TRUE;2,59935593469872e-09;319;2325;80;0,0344086021505376;0,250783699059561;"GO:0008202";"GO:BP";"steroid metabolic process";21100;3543;"Up"
"68";"query_1";TRUE;3,06454775328206e-09;1113;2453;208;0,084794129637179;0,186882300089847;"GO:0034220";"GO:BP";"ion transmembrane transport";21100;9774;"Up"
"69";"query_1";TRUE;3,1788027557845e-09;1528;2457;268;0,109076109076109;0,175392670157068;"GO:0055085";"GO:BP";"transmembrane transport";21100;16788;"Up"
"70";"query_1";TRUE;4,18293602226426e-09;2654;2446;420;0,171708912510221;0,158251695553881;"GO:0071702";"GO:BP";"organic substance transport";21100;19681;"Up"
"71";"query_1";TRUE;4,8665285772434e-09;1173;2453;216;0,088055442315532;0,184143222506394;"GO:0006812";"GO:BP";"cation transport";21100;2768;"Up"
"72";"query_1";TRUE;4,97184271452979e-09;1766;1339;186;0,138909634055265;0,105322763306908;"GO:0046907";"GO:BP";"intracellular transport";21100;14442;"Up"
"73";"query_1";TRUE;5,29485833035498e-09;1796;1199;173;0,144286905754796;0,0963251670378619;"GO:0044281";"GO:BP";"small molecule metabolic process";21100;12712;"Up"
"74";"query_1";TRUE;5,33508685218689e-09;904;2304;168;0,0729166666666667;0,185840707964602;"GO:0007017";"GO:BP";"microtubule-based process";21100;2938;"Up"
"75";"query_1";TRUE;5,92787398721417e-09;3050;2511;482;0,191955396256472;0,158032786885246;"GO:0065009";"GO:BP";"regulation of molecular function";21100;18614;"Up"
"76";"query_1";TRUE;6,45853813130048e-09;542;2322;115;0,049526270456503;0,212177121771218;"GO:0051640";"GO:BP";"organelle localization";21100;15999;"Up"
"77";"query_1";TRUE;6,77430328575495e-09;700;2325;139;0,0597849462365591;0,198571428571429;"GO:0008610";"GO:BP";"lipid biosynthetic process";21100;3629;"Up"
"78";"query_1";TRUE;7,01646250306686e-09;896;2520;178;0,0706349206349206;0,198660714285714;"GO:0051050";"GO:BP";"positive regulation of transport";21100;15541;"Up"
"79";"query_1";TRUE;7,22907622687743e-09;5487;2527;803;0,317768104471706;0,146345908511026;"GO:0019538";"GO:BP";"protein metabolic process";21100;6769;"Up"
"80";"query_1";TRUE;7,43995584195841e-09;197;2304;57;0,0247395833333333;0,289340101522843;"GO:0099111";"GO:BP";"microtubule-based transport";21100;22259;"Up"
"81";"query_1";TRUE;8,14100949265137e-09;845;2443;166;0,067949242734343;0,196449704142012;"GO:0140352";"GO:BP";"export from cell";21100;23070;"Up"
"82";"query_1";TRUE;9,75168103272061e-09;1889;2446;315;0,128781684382666;0,166754896770778;"GO:0045184";"GO:BP";"establishment of protein localization";21100;13161;"Up"
"83";"query_1";TRUE;1,1140509759601e-08;858;2453;168;0,0684875662454138;0,195804195804196;"GO:0098660";"GO:BP";"inorganic ion transmembrane transport";21100;22013;"Up"
"84";"query_1";TRUE;1,14086049419165e-08;263;2496;72;0,0288461538461538;0,273764258555133;"GO:0007611";"GO:BP";"learning or memory";21100;3471;"Up"
"85";"query_1";TRUE;1,19759467953984e-08;957;2511;186;0,0740740740740741;0,19435736677116;"GO:0031175";"GO:BP";"neuron projection development";21100;8213;"Up"
"86";"query_1";TRUE;3,37793797073747e-08;339;1111;51;0,0459045904590459;0,150442477876106;"GO:0010506";"GO:BP";"regulation of autophagy";21100;4672;"Up"
"87";"query_1";TRUE;4,49639210092353e-08;13001;2511;1698;0,676224611708483;0,130605338050919;"GO:0065007";"GO:BP";"biological regulation";21100;18612;"Up"
"88";"query_1";TRUE;4,64530017946708e-08;156;1443;37;0,0256410256410256;0,237179487179487;"GO:0010970";"GO:BP";"transport along microtubule";21100;5087;"Up"
"89";"query_1";TRUE;6,09748394300439e-08;305;2496;78;0,03125;0,255737704918033;"GO:0050890";"GO:BP";"cognition";21100;15405;"Up"
"90";"query_1";TRUE;6,48880838701189e-08;903;2453;172;0,0701182225845903;0,19047619047619;"GO:0098655";"GO:BP";"cation transmembrane transport";21100;22008;"Up"
"91";"query_1";TRUE;6,96196037666123e-08;839;2527;166;0,0656905421448358;0,197854588796186;"GO:0009725";"GO:BP";"response to hormone";21100;4073;"Up"
"92";"query_1";TRUE;7,49079578673122e-08;1715;2521;294;0,116620388734629;0,171428571428571;"GO:0023056";"GO:BP";"positive regulation of signaling";21100;7652;"Up"
"93";"query_1";TRUE;8,15793897350031e-08;792;2453;155;0,0631879331430901;0,195707070707071;"GO:0098662";"GO:BP";"inorganic cation transmembrane transport";21100;22015;"Up"
"94";"query_1";TRUE;9,09004046721389e-08;1658;2375;272;0,114526315789474;0,164053075995175;"GO:0042592";"GO:BP";"homeostatic process";21100;11832;"Up"
"95";"query_1";TRUE;1,0240925054616e-07;3513;2522;538;0,213322759714512;0,153145459721036;"GO:0048513";"GO:BP";"animal organ development";21100;14835;"Up"
"96";"query_1";TRUE;1,04838253664307e-07;1130;2477;206;0,0831651190956803;0,182300884955752;"GO:0009628";"GO:BP";"response to abiotic stimulus";21100;3996;"Up"
"97";"query_1";TRUE;1,08052737125944e-07;603;2520;128;0,0507936507936508;0,212271973466003;"GO:0051046";"GO:BP";"regulation of secretion";21100;15537;"Up"
"98";"query_1";TRUE;1,47386129586192e-07;1711;2521;292;0,115827052756843;0,170660432495617;"GO:0010647";"GO:BP";"positive regulation of cell communication";21100;4792;"Up"
"99";"query_1";TRUE;1,49089558863013e-07;1316;2488;233;0,0936495176848875;0,177051671732523;"GO:0071495";"GO:BP";"cellular response to endogenous stimulus";21100;19516;"Up"
"100";"query_1";TRUE;1,49257344312006e-07;1100;2477;201;0,0811465482438434;0,182727272727273;"GO:1901698";"GO:BP";"response to nitrogen compound";21100;24964;"Up"
"101";"query_1";TRUE;1,50515359645141e-07;2085;2318;321;0,138481449525453;0,153956834532374;"GO:0006928";"GO:BP";"movement of cell or subcellular component";21100;2866;"Up"
"102";"query_1";TRUE;1,56120303657065e-07;923;2443;173;0,070814572247237;0,187432286023835;"GO:0046903";"GO:BP";"secretion";21100;14441;"Up"
"103";"query_1";TRUE;1,59131713567781e-07;398;1627;70;0,0430239704978488;0,175879396984925;"GO:0043434";"GO:BP";"response to peptide hormone";21100;12313;"Up"
"104";"query_1";TRUE;1,8790302052861e-07;2233;2446;355;0,145134914145544;0,1589789520824;"GO:0071705";"GO:BP";"nitrogen compound transport";21100;19684;"Up"
"105";"query_1";TRUE;2,16372325402084e-07;4882;2527;715;0,282944202611793;0,146456370340025;"GO:0044267";"GO:BP";"cellular protein metabolic process";21100;12703;"Up"
"106";"query_1";TRUE;2,83849689522896e-07;60;2462;27;0,0109666937449228;0,45;"GO:0016126";"GO:BP";"sterol biosynthetic process";21100;5715;"Up"
"107";"query_1";TRUE;3,02757237420188e-07;3719;2527;563;0,222793826671943;0,151384780855069;"GO:0036211";"GO:BP";"protein modification process";21100;10936;"Up"
"108";"query_1";TRUE;3,02757237420188e-07;3719;2527;563;0,222793826671943;0,151384780855069;"GO:0006464";"GO:BP";"cellular protein modification process";21100;2443;"Up"
"109";"query_1";TRUE;3,44836381035207e-07;1551;2457;262;0,106634106634107;0,168923275306254;"GO:0006811";"GO:BP";"ion transport";21100;2767;"Up"
"110";"query_1";TRUE;3,57014936997304e-07;3776;2527;570;0,225563909774436;0,150953389830508;"GO:0009893";"GO:BP";"positive regulation of metabolic process";21100;4213;"Up"
"111";"query_1";TRUE;3,75127090249327e-07;1587;2527;273;0,10803324099723;0,172022684310019;"GO:0006468";"GO:BP";"protein phosphorylation";21100;2446;"Up"
"112";"query_1";TRUE;4,18935390103921e-07;1519;2526;263;0,104117181314331;0,173140223831468;"GO:0022414";"GO:BP";"reproductive process";21100;7589;"Up"
"113";"query_1";TRUE;4,35733429377527e-07;553;985;62;0,0629441624365482;0,112115732368897;"GO:0120031";"GO:BP";"plasma membrane bounded cell projection assembly";21100;22772;"Up"
"114";"query_1";TRUE;4,47200558378962e-07;786;2443;151;0,0618092509209988;0,192111959287532;"GO:0032940";"GO:BP";"secretion by cell";21100;9132;"Up"
"115";"query_1";TRUE;4,48215405991793e-07;1527;2526;264;0,104513064133017;0,172888015717092;"GO:0000003";"GO:BP";"reproduction";21100;3;"Up"
"116";"query_1";TRUE;5,08694661673298e-07;547;2494;116;0,0465116279069767;0,212065813528336;"GO:1903530";"GO:BP";"regulation of secretion by cell";21100;26584;"Up"
"117";"query_1";TRUE;5,50204186953387e-07;886;2453;166;0,0676722380758255;0,187358916478555;"GO:0030001";"GO:BP";"metal ion transport";21100;7665;"Up"
"118";"query_1";TRUE;5,75823257524453e-07;137;2481;44;0,0177347843611447;0,321167883211679;"GO:0046165";"GO:BP";"alcohol biosynthetic process";21100;13865;"Up"
"119";"query_1";TRUE;5,76759578009169e-07;1922;1031;155;0,150339476236663;0,0806451612903226;"GO:0070727";"GO:BP";"cellular macromolecule localization";21100;19028;"Up"
"120";"query_1";TRUE;6,46794265446278e-07;2811;2525;440;0,174257425742574;0,15652792600498;"GO:0007166";"GO:BP";"cell surface receptor signaling pathway";21100;3066;"Up"
"121";"query_1";TRUE;6,9826457944816e-07;245;2272;61;0,0268485915492958;0,248979591836735;"GO:0045926";"GO:BP";"negative regulation of growth";21100;13634;"Up"
"122";"query_1";TRUE;7,48732806089977e-07;1009;2005;157;0,0783042394014963;0,155599603567889;"GO:0009894";"GO:BP";"regulation of catabolic process";21100;4214;"Up"
"123";"query_1";TRUE;7,59215406106899e-07;1913;1031;154;0,149369544131911;0,0805018295870361;"GO:0034613";"GO:BP";"cellular protein localization";21100;9981;"Up"
"124";"query_1";TRUE;1,20128584458988e-06;567;985;62;0,0629441624365482;0,109347442680776;"GO:0030031";"GO:BP";"cell projection assembly";21100;7677;"Up"
"125";"query_1";TRUE;1,31728220881752e-06;3936;2527;587;0,232291254451919;0,149136178861789;"GO:0043412";"GO:BP";"macromolecule modification";21100;12301;"Up"
"126";"query_1";TRUE;1,37958351346321e-06;1624;2422;266;0,109826589595376;0,163793103448276;"GO:1901700";"GO:BP";"response to oxygen-containing compound";21100;24966;"Up"
"127";"query_1";TRUE;1,47604558800114e-06;1778;2446;289;0,118152085036795;0,162542182227222;"GO:0015031";"GO:BP";"protein transport";21100;5347;"Up"
"128";"query_1";TRUE;1,49653446732376e-06;2536;2527;401;0,158686189157103;0,158123028391167;"GO:0051246";"GO:BP";"regulation of protein metabolic process";21100;15701;"Up"
"129";"query_1";TRUE;1,50794816515246e-06;1023;2466;185;0,0750202757502028;0,180840664711632;"GO:0048878";"GO:BP";"chemical homeostasis";21100;15167;"Up"
"130";"query_1";TRUE;1,83898821695117e-06;303;2494;74;0,0296712109061748;0,244224422442244;"GO:0051047";"GO:BP";"positive regulation of secretion";21100;15538;"Up"
"131";"query_1";TRUE;1,91884971721723e-06;1527;2527;261;0,103284527107242;0,170923379174853;"GO:0031399";"GO:BP";"regulation of protein modification process";21100;8297;"Up"
"132";"query_1";TRUE;2,01556357202274e-06;829;2506;158;0,063048683160415;0,19059107358263;"GO:0061024";"GO:BP";"membrane organization";21100;17767;"Up"
"133";"query_1";TRUE;2,1437508911708e-06;153;2466;46;0,0186536901865369;0,300653594771242;"GO:0016125";"GO:BP";"sterol metabolic process";21100;5714;"Up"
"134";"query_1";TRUE;2,1502013395517e-06;1137;1684;149;0,088479809976247;0,131046613896218;"GO:0033043";"GO:BP";"regulation of organelle organization";21100;9205;"Up"
"135";"query_1";TRUE;2,3280238987513e-06;2235;2486;354;0,142397425583266;0,158389261744966;"GO:0003008";"GO:BP";"system process";21100;1584;"Up"
"136";"query_1";TRUE;2,34897489263914e-06;365;2481;84;0,033857315598549;0,23013698630137;"GO:0006066";"GO:BP";"alcohol metabolic process";21100;2098;"Up"
"137";"query_1";TRUE;2,63999112423576e-06;53;2462;24;0,00974817221770918;0,452830188679245;"GO:1902653";"GO:BP";"secondary alcohol biosynthetic process";21100;25813;"Up"
"138";"query_1";TRUE;2,63999112423576e-06;53;2462;24;0,00974817221770918;0,452830188679245;"GO:0006695";"GO:BP";"cholesterol biosynthetic process";21100;2663;"Up"
"139";"query_1";TRUE;2,81339715522109e-06;665;1828;105;0,0574398249452954;0,157894736842105;"GO:0040008";"GO:BP";"regulation of growth";21100;11455;"Up"
"140";"query_1";TRUE;2,84135875985033e-06;477;1627;76;0,0467117393976644;0,159329140461216;"GO:1901652";"GO:BP";"response to peptide";21100;24928;"Up"
"141";"query_1";TRUE;2,86982617190283e-06;2103;2524;340;0,134706814580032;0,161673799334284;"GO:1901575";"GO:BP";"organic substance catabolic process";21100;24863;"Up"
"142";"query_1";TRUE;3,85249822003013e-06;1875;1147;162;0,141238012205754;0,0864;"GO:0033554";"GO:BP";"cellular response to stress";21100;9518;"Up"
"143";"query_1";TRUE;4,45220495223175e-06;741;2520;144;0,0571428571428571;0,194331983805668;"GO:0060341";"GO:BP";"regulation of cellular localization";21100;17116;"Up"
"144";"query_1";TRUE;4,62101489347796e-06;3271;2527;496;0,196280174119509;0,151635585447875;"GO:0031325";"GO:BP";"positive regulation of cellular metabolic process";21100;8257;"Up"
"145";"query_1";TRUE;4,78520565272935e-06;1386;2527;239;0,0945785516422636;0,172438672438672;"GO:0019220";"GO:BP";"regulation of phosphate metabolic process";21100;6472;"Up"
"146";"query_1";TRUE;5,01955878560382e-06;459;2118;88;0,0415486307837583;0,191721132897603;"GO:0023061";"GO:BP";"signal release";21100;7657;"Up"
"147";"query_1";TRUE;5,08957720681829e-06;2391;2308;350;0,151646447140381;0,146382266833961;"GO:0071310";"GO:BP";"cellular response to organic substance";21100;19341;"Up"
"148";"query_1";TRUE;5,29523522077981e-06;386;852;43;0,0504694835680751;0,11139896373057;"GO:0044782";"GO:BP";"cilium organization";21100;12987;"Up"
"149";"query_1";TRUE;5,47331214679264e-06;1388;2527;239;0,0945785516422636;0,172190201729107;"GO:0051174";"GO:BP";"regulation of phosphorus metabolic process";21100;15643;"Up"
"150";"query_1";TRUE;5,4738394381683e-06;40;1410;16;0,0113475177304965;0,4;"GO:0042073";"GO:BP";"intraciliary transport";21100;11520;"Up"
"151";"query_1";TRUE;5,8013412997228e-06;147;2466;44;0,0178426601784266;0,299319727891156;"GO:1902652";"GO:BP";"secondary alcohol metabolic process";21100;25812;"Up"
"152";"query_1";TRUE;5,84775269193531e-06;1166;1637;147;0,0897984117287721;0,126072041166381;"GO:1901701";"GO:BP";"cellular response to oxygen-containing compound";21100;24967;"Up"
"153";"query_1";TRUE;5,95790755602882e-06;180;1902;43;0,0226077812828601;0,238888888888889;"GO:0009266";"GO:BP";"response to temperature stimulus";21100;3863;"Up"
"154";"query_1";TRUE;6,36989617785293e-06;304;2403;71;0,0295464003329172;0,233552631578947;"GO:0016050";"GO:BP";"vesicle organization";21100;5650;"Up"
"155";"query_1";TRUE;6,84660016044542e-06;845;2520;159;0,0630952380952381;0,188165680473373;"GO:0032880";"GO:BP";"regulation of protein localization";21100;9082;"Up"
"156";"query_1";TRUE;7,31438490684188e-06;946;2102;151;0,0718363463368221;0,159619450317125;"GO:0044087";"GO:BP";"regulation of cellular component biogenesis";21100;12628;"Up"
"157";"query_1";TRUE;7,68791064552174e-06;959;1828;137;0,074945295404814;0,142857142857143;"GO:0040007";"GO:BP";"growth";21100;11454;"Up"
"158";"query_1";TRUE;9,03895106635107e-06;194;1443;38;0,0263340263340263;0,195876288659794;"GO:0030705";"GO:BP";"cytoskeleton-dependent intracellular transport";21100;7948;"Up"
"159";"query_1";TRUE;9,14155950971515e-06;1691;2521;280;0,111067036890123;0,165582495564755;"GO:1902531";"GO:BP";"regulation of intracellular signal transduction";21100;25711;"Up"
"160";"query_1";TRUE;9,39002014376698e-06;531;1640;81;0,049390243902439;0,152542372881356;"GO:0060627";"GO:BP";"regulation of vesicle-mediated transport";21100;17385;"Up"
"161";"query_1";TRUE;9,72060338622729e-06;441;2420;93;0,0384297520661157;0,210884353741497;"GO:0050804";"GO:BP";"modulation of chemical synaptic transmission";21100;15333;"Up"
"162";"query_1";TRUE;9,92051943745002e-06;635;1635;92;0,0562691131498471;0,14488188976378;"GO:0031344";"GO:BP";"regulation of cell projection organization";21100;8275;"Up"
"163";"query_1";TRUE;1,02310883216153e-05;582;2288;110;0,0480769230769231;0,189003436426117;"GO:0032870";"GO:BP";"cellular response to hormone stimulus";21100;9072;"Up"
"164";"query_1";TRUE;1,09515297704206e-05;442;2420;93;0,0384297520661157;0,210407239819005;"GO:0099177";"GO:BP";"regulation of trans-synaptic signaling";21100;22301;"Up"
"165";"query_1";TRUE;1,11248770994802e-05;356;985;44;0,0446700507614213;0,123595505617978;"GO:0060271";"GO:BP";"cilium assembly";21100;17048;"Up"
"166";"query_1";TRUE;1,11732268976516e-05;5766;2527;814;0,322121092204195;0,141172389871661;"GO:0044260";"GO:BP";"cellular macromolecule metabolic process";21100;12699;"Up"
"167";"query_1";TRUE;1,2100054381987e-05;871;1191;92;0,0772460117548279;0,105625717566016;"GO:0031329";"GO:BP";"regulation of cellular catabolic process";21100;8261;"Up"
"168";"query_1";TRUE;1,21466009996409e-05;70;2071;25;0,012071463061323;0,357142857142857;"GO:0061512";"GO:BP";"protein localization to cilium";21100;18209;"Up"
"169";"query_1";TRUE;1,62611985179916e-05;556;2479;112;0,045179507866075;0,201438848920863;"GO:0044057";"GO:BP";"regulation of system process";21100;12600;"Up"
"170";"query_1";TRUE;1,65960864389923e-05;157;498;19;0,0381526104417671;0,121019108280255;"GO:0016241";"GO:BP";"regulation of macroautophagy";21100;5757;"Up"
"171";"query_1";TRUE;1,95087029806631e-05;173;2474;48;0,0194017784963622;0,277456647398844;"GO:0051650";"GO:BP";"establishment of vesicle localization";21100;16009;"Up"
"172";"query_1";TRUE;1,95965051731664e-05;190;2310;49;0,0212121212121212;0,257894736842105;"GO:0051648";"GO:BP";"vesicle localization";21100;16007;"Up"
"173";"query_1";TRUE;2,04000472942425e-05;137;2466;41;0,0166261151662612;0,299270072992701;"GO:0008203";"GO:BP";"cholesterol metabolic process";21100;3544;"Up"
"174";"query_1";TRUE;2,06863258268388e-05;457;2367;93;0,0392902408111534;0,203501094091904;"GO:1903829";"GO:BP";"positive regulation of protein localization";21100;26852;"Up"
"175";"query_1";TRUE;2,20287479425387e-05;623;2511;123;0,0489844683393071;0,197431781701445;"GO:0048812";"GO:BP";"neuron projection morphogenesis";21100;15103;"Up"
"176";"query_1";TRUE;2,46643998621991e-05;12276;2527;1601;0,633557578155916;0,130417073965461;"GO:0050789";"GO:BP";"regulation of biological process";21100;15321;"Up"
"177";"query_1";TRUE;3,1914886139542e-05;275;2494;66;0,0264635124298316;0,24;"GO:1903532";"GO:BP";"positive regulation of secretion by cell";21100;26586;"Up"
"178";"query_1";TRUE;3,26871971679827e-05;490;2288;95;0,041520979020979;0,193877551020408;"GO:0016049";"GO:BP";"cell growth";21100;5649;"Up"
"179";"query_1";TRUE;3,41724782699723e-05;148;2496;43;0,0172275641025641;0,290540540540541;"GO:0007612";"GO:BP";"learning";21100;3472;"Up"
"180";"query_1";TRUE;3,45297887787321e-05;619;1149;69;0,0600522193211488;0,111470113085622;"GO:0120035";"GO:BP";"regulation of plasma membrane bounded cell projection organization";21100;22776;"Up"
"181";"query_1";TRUE;3,66715990685612e-05;661;2511;128;0,0509757068896854;0,193645990922844;"GO:0032990";"GO:BP";"cell part morphogenesis";21100;9176;"Up"
"182";"query_1";TRUE;3,7151040069831e-05;218;2504;56;0,0223642172523962;0,256880733944954;"GO:0001505";"GO:BP";"regulation of neurotransmitter levels";21100;427;"Up"
"183";"query_1";TRUE;3,90767275497167e-05;642;2511;125;0,0497809637594584;0,194704049844237;"GO:0048858";"GO:BP";"cell projection morphogenesis";21100;15148;"Up"
"184";"query_1";TRUE;4,26048097061913e-05;1037;2522;184;0,0729579698651864;0,177434908389585;"GO:0007417";"GO:BP";"central nervous system development";21100;3291;"Up"
"185";"query_1";TRUE;4,47501559438974e-05;596;2462;116;0,0471161657189277;0,194630872483221;"GO:0098771";"GO:BP";"inorganic ion homeostasis";21100;22088;"Up"
"186";"query_1";TRUE;4,53457341860964e-05;253;1802;50;0,0277469478357381;0,197628458498024;"GO:0032868";"GO:BP";"response to insulin";21100;9070;"Up"
"187";"query_1";TRUE;4,74213187549672e-05;553;2481;110;0,0443369609028618;0,198915009041591;"GO:0044283";"GO:BP";"small molecule biosynthetic process";21100;12714;"Up"
"188";"query_1";TRUE;4,87086654399955e-05;757;2511;142;0,0565511748307447;0,187582562747688;"GO:0032989";"GO:BP";"cellular component morphogenesis";21100;9175;"Up"
"189";"query_1";TRUE;4,97153286425172e-05;638;2511;124;0,0493827160493827;0,19435736677116;"GO:0120039";"GO:BP";"plasma membrane bounded cell projection morphogenesis";21100;22778;"Up"
"190";"query_1";TRUE;5,0462193437636e-05;288;1627;51;0,0313460356484327;0,177083333333333;"GO:0071375";"GO:BP";"cellular response to peptide hormone stimulus";21100;19404;"Up"
"191";"query_1";TRUE;5,19127057117199e-05;2370;2527;369;0,146022952117135;0,155696202531646;"GO:0032268";"GO:BP";"regulation of cellular protein metabolic process";21100;8640;"Up"
"192";"query_1";TRUE;5,96058907199386e-05;104;2525;34;0,0134653465346535;0,326923076923077;"GO:0099565";"GO:BP";"chemical synaptic transmission, postsynaptic";21100;22359;"Up"
"193";"query_1";TRUE;6,73232817912569e-05;587;2462;114;0,0463038180341186;0,194207836456559;"GO:0055080";"GO:BP";"cation homeostasis";21100;16784;"Up"
"194";"query_1";TRUE;7,31361194387785e-05;626;1627;88;0,0540872771972956;0,140575079872204;"GO:0071417";"GO:BP";"cellular response to organonitrogen compound";21100;19446;"Up"
"195";"query_1";TRUE;7,38359841327285e-05;491;2288;94;0,0410839160839161;0,191446028513238;"GO:0090066";"GO:BP";"regulation of anatomical structure size";21100;21090;"Up"
"196";"query_1";TRUE;8,01685538596813e-05;189;2272;47;0,0206866197183099;0,248677248677249;"GO:0030308";"GO:BP";"negative regulation of cell growth";21100;7794;"Up"
"197";"query_1";TRUE;8,42291124921843e-05;1513;2521;250;0,0991669972233241;0,165234633179114;"GO:0009967";"GO:BP";"positive regulation of signal transduction";21100;4267;"Up"
"198";"query_1";TRUE;9,90398312297771e-05;896;2526;162;0,0641330166270784;0,180803571428571;"GO:0032504";"GO:BP";"multicellular organism reproduction";21100;8805;"Up"
"199";"query_1";TRUE;0,000101866178256749;184;2357;47;0,0199406024607552;0,255434782608696;"GO:0008361";"GO:BP";"regulation of cell size";21100;3600;"Up"
"200";"query_1";TRUE;0,000102577980978292;410;1328;56;0,0421686746987952;0,136585365853659;"GO:0051656";"GO:BP";"establishment of organelle localization";21100;16015;"Up"
"201";"query_1";TRUE;0,000103294922243572;1556;2527;256;0,101305896319747;0,16452442159383;"GO:0044093";"GO:BP";"positive regulation of molecular function";21100;12634;"Up"
"202";"query_1";TRUE;0,000104173409807882;140;1954;35;0,0179119754350051;0,25;"GO:0048284";"GO:BP";"organelle fusion";21100;14661;"Up"
"203";"query_1";TRUE;0,000117389493286197;2702;2520;410;0,162698412698413;0,151739452257587;"GO:0009653";"GO:BP";"anatomical structure morphogenesis";21100;4021;"Up"
"204";"query_1";TRUE;0,000125894230170081;951;2478;167;0,0673930589184826;0,175604626708728;"GO:0007167";"GO:BP";"enzyme-linked receptor protein signaling pathway";21100;3067;"Up"
"205";"query_1";TRUE;0,000131895015129526;2345;2527;363;0,143648595172141;0,154797441364606;"GO:0050790";"GO:BP";"regulation of catalytic activity";21100;15322;"Up"
"206";"query_1";TRUE;0,000154193861488787;1242;2527;211;0,0834982192322913;0,169887278582931;"GO:0042325";"GO:BP";"regulation of phosphorylation";21100;11668;"Up"
"207";"query_1";TRUE;0,000167453807825442;610;2462;116;0,0471161657189277;0,19016393442623;"GO:0050801";"GO:BP";"ion homeostasis";21100;15330;"Up"
"208";"query_1";TRUE;0,000172650246737515;876;2526;158;0,0625494853523357;0,180365296803653;"GO:0048609";"GO:BP";"multicellular organismal reproductive process";21100;14911;"Up"
"209";"query_1";TRUE;0,00018291377880822;587;2479;113;0,045582896329165;0,192504258943782;"GO:0003013";"GO:BP";"circulatory system process";21100;1589;"Up"
"210";"query_1";TRUE;0,000188335807258211;502;2479;100;0,0403388463089956;0,199203187250996;"GO:0008015";"GO:BP";"blood circulation";21100;3500;"Up"
"211";"query_1";TRUE;0,000204891394178702;137;2463;39;0,0158343483556638;0,284671532846715;"GO:0008277";"GO:BP";"regulation of G protein-coupled receptor signaling pathway";21100;3566;"Up"
"212";"query_1";TRUE;0,000207601485997456;153;2370;41;0,0172995780590717;0,26797385620915;"GO:0055067";"GO:BP";"monovalent inorganic cation homeostasis";21100;16772;"Up"
"213";"query_1";TRUE;0,000211604251065253;4856;2527;688;0,272259596359319;0,14168039538715;"GO:0048523";"GO:BP";"negative regulation of cellular process";21100;14845;"Up"
"214";"query_1";TRUE;0,00021273391186382;1013;2517;177;0,0703218116805721;0,174728529121422;"GO:0003006";"GO:BP";"developmental process involved in reproduction";21100;1582;"Up"
"215";"query_1";TRUE;0,000219692226558661;901;2483;159;0,0640354409987918;0,176470588235294;"GO:0014070";"GO:BP";"response to organic cyclic compound";21100;5183;"Up"
"216";"query_1";TRUE;0,000232122042497937;220;2405;53;0,022037422037422;0,240909090909091;"GO:0048588";"GO:BP";"developmental cell growth";21100;14900;"Up"
"217";"query_1";TRUE;0,000240008360325864;550;1224;64;0,0522875816993464;0,116363636363636;"GO:0010256";"GO:BP";"endomembrane system organization";21100;4508;"Up"
"218";"query_1";TRUE;0,000250356382575182;420;2525;88;0,0348514851485149;0,20952380952381;"GO:0042391";"GO:BP";"regulation of membrane potential";21100;11717;"Up"
"219";"query_1";TRUE;0,00029479827239419;300;1551;49;0,0315925209542231;0,163333333333333;"GO:0051222";"GO:BP";"positive regulation of protein transport";21100;15683;"Up"
"220";"query_1";TRUE;0,000325084168188268;471;2254;88;0,0390417036379769;0,186836518046709;"GO:0022411";"GO:BP";"cellular component disassembly";21100;7586;"Up"
"221";"query_1";TRUE;0,000350806489200897;349;1627;56;0,034419176398279;0,160458452722063;"GO:1901653";"GO:BP";"cellular response to peptide";21100;24929;"Up"
"222";"query_1";TRUE;0,000371167876184616;1774;1413;174;0,123142250530786;0,0980834272829763;"GO:0007049";"GO:BP";"cell cycle";21100;2963;"Up"
"223";"query_1";TRUE;0,000375057409245959;360;1746;60;0,0343642611683849;0,166666666666667;"GO:0006887";"GO:BP";"exocytosis";21100;2830;"Up"
"224";"query_1";TRUE;0,000379784811695322;900;1494;106;0,07095046854083;0,117777777777778;"GO:0070925";"GO:BP";"organelle assembly";21100;19137;"Up"
"225";"query_1";TRUE;0,000401221132877453;425;2288;82;0,0358391608391608;0,192941176470588;"GO:0001558";"GO:BP";"regulation of cell growth";21100;457;"Up"
"226";"query_1";TRUE;0,000425519602292616;988;1197;96;0,0802005012531328;0,097165991902834;"GO:0006082";"GO:BP";"organic acid metabolic process";21100;2114;"Up"
"227";"query_1";TRUE;0,000439726041468421;211;2420;51;0,0210743801652893;0,241706161137441;"GO:0006836";"GO:BP";"neurotransmitter transport";21100;2785;"Up"
"228";"query_1";TRUE;0,000443013266337927;199;1627;38;0,0233558696988322;0,190954773869347;"GO:0032869";"GO:BP";"cellular response to insulin stimulus";21100;9071;"Up"
"229";"query_1";TRUE;0,00048712683155046;564;2511;109;0,0434090003982477;0,193262411347518;"GO:0048667";"GO:BP";"cell morphogenesis involved in neuron differentiation";21100;14968;"Up"
"230";"query_1";TRUE;0,000498456057104873;751;2466;135;0,0547445255474453;0,179760319573901;"GO:0019725";"GO:BP";"cellular homeostasis";21100;6935;"Up"
"231";"query_1";TRUE;0,00052456107662057;683;1627;91;0,0559311616472034;0,133235724743777;"GO:1901699";"GO:BP";"cellular response to nitrogen compound";21100;24965;"Up"
"232";"query_1";TRUE;0,000554225406893127;523;2494;102;0,0408981555733761;0,195028680688337;"GO:0070201";"GO:BP";"regulation of establishment of protein localization";21100;18713;"Up"
"233";"query_1";TRUE;0,000557707997125557;173;2405;44;0,0182952182952183;0,254335260115607;"GO:1990138";"GO:BP";"neuron projection extension";21100;28860;"Up"
"234";"query_1";TRUE;0,000559724827778397;134;2405;37;0,0153846153846154;0,276119402985075;"GO:0060078";"GO:BP";"regulation of postsynaptic membrane potential";21100;16891;"Up"
"235";"query_1";TRUE;0,000560788131341328;1350;2524;223;0,088351822503962;0,165185185185185;"GO:1901565";"GO:BP";"organonitrogen compound catabolic process";21100;24854;"Up"
"236";"query_1";TRUE;0,000581585484277534;569;2527;110;0,0435298773248912;0,193321616871705;"GO:0034762";"GO:BP";"regulation of transmembrane transport";21100;10038;"Up"
"237";"query_1";TRUE;0,00060306795627819;316;1551;50;0,0322372662798195;0,158227848101266;"GO:1904951";"GO:BP";"positive regulation of establishment of protein localization";21100;27875;"Up"
"238";"query_1";TRUE;0,000619566806351487;498;2494;98;0,0392943063352045;0,196787148594378;"GO:0051223";"GO:BP";"regulation of protein transport";21100;15684;"Up"
"239";"query_1";TRUE;0,000619756298718561;208;1640;39;0,023780487804878;0,1875;"GO:0017157";"GO:BP";"regulation of exocytosis";21100;5893;"Up"
"240";"query_1";TRUE;0,000696117576082935;319;2462;69;0,0280259951259139;0,216300940438871;"GO:0048638";"GO:BP";"regulation of developmental growth";21100;14939;"Up"
"241";"query_1";TRUE;0,000748192321676361;3465;2527;505;0,199841709537;0,145743145743146;"GO:0010604";"GO:BP";"positive regulation of macromolecule metabolic process";21100;4750;"Up"
"242";"query_1";TRUE;0,000769837090603671;484;2511;96;0,038231780167264;0,198347107438017;"GO:0061564";"GO:BP";"axon development";21100;18256;"Up"
"243";"query_1";TRUE;0,000791667342855133;943;2193;147;0,06703146374829;0,155885471898197;"GO:0019637";"GO:BP";"organophosphate metabolic process";21100;6862;"Up"
"244";"query_1";TRUE;0,00081227633232275;3083;2527;455;0,18005540166205;0,147583522542978;"GO:0051173";"GO:BP";"positive regulation of nitrogen compound metabolic process";21100;15642;"Up"
"245";"query_1";TRUE;0,000847489651889985;78;604;13;0,021523178807947;0,166666666666667;"GO:1990849";"GO:BP";"vacuolar localization";21100;29153;"Up"
"246";"query_1";TRUE;0,000847489651889985;78;604;13;0,021523178807947;0,166666666666667;"GO:0032418";"GO:BP";"lysosome localization";21100;8748;"Up"
"247";"query_1";TRUE;0,000868398808212038;165;1954;37;0,018935516888434;0,224242424242424;"GO:0061025";"GO:BP";"membrane fusion";21100;17768;"Up"
"248";"query_1";TRUE;0,000869627381260632;1009;2243;158;0,0704413731609452;0,156590683845391;"GO:0044255";"GO:BP";"cellular lipid metabolic process";21100;12695;"Up"
"249";"query_1";TRUE;0,000886228891164895;140;797;20;0,0250941028858218;0,142857142857143;"GO:1902600";"GO:BP";"proton transmembrane transport";21100;25761;"Up"
"250";"query_1";TRUE;0,000907156532979922;194;977;27;0,0276356192425793;0,139175257731959;"GO:0120032";"GO:BP";"regulation of plasma membrane bounded cell projection assembly";21100;22773;"Up"
"251";"query_1";TRUE;0,000960205905995881;966;1145;90;0,0786026200873362;0,093167701863354;"GO:0043436";"GO:BP";"oxoacid metabolic process";21100;12315;"Up"
"252";"query_1";TRUE;0,000967225029809015;681;2527;126;0,0498614958448753;0,185022026431718;"GO:0043269";"GO:BP";"regulation of ion transport";21100;12212;"Up"
"253";"query_1";TRUE;0,000987727121961926;127;2382;35;0,0146935348446683;0,275590551181102;"GO:1903008";"GO:BP";"organelle disassembly";21100;26123;"Up"
"254";"query_1";TRUE;0,00102379801107883;685;2489;125;0,0502209722780233;0,182481751824818;"GO:0070848";"GO:BP";"response to growth factor";21100;19096;"Up"
"255";"query_1";TRUE;0,00104288791153979;106;372;12;0,032258064516129;0,113207547169811;"GO:0000045";"GO:BP";"autophagosome assembly";21100;20;"Up"
"256";"query_1";TRUE;0,00108039911281094;106;2251;30;0,0133274100399822;0,283018867924528;"GO:0006090";"GO:BP";"pyruvate metabolic process";21100;2121;"Up"
"257";"query_1";TRUE;0,00110246666177653;1453;2100;202;0,0961904761904762;0,139022711631108;"GO:0007010";"GO:BP";"cytoskeleton organization";21100;2933;"Up"
"258";"query_1";TRUE;0,00111784972957766;196;977;27;0,0276356192425793;0,137755102040816;"GO:0060491";"GO:BP";"regulation of cell projection assembly";21100;17256;"Up"
"259";"query_1";TRUE;0,00113394029658769;2666;2490;394;0,158232931726908;0,147786946736684;"GO:0051239";"GO:BP";"regulation of multicellular organismal process";21100;15697;"Up"
"260";"query_1";TRUE;0,0011784918775256;511;2462;98;0,0398050365556458;0,191780821917808;"GO:0055065";"GO:BP";"metal ion homeostasis";21100;16770;"Up"
"261";"query_1";TRUE;0,00121469532211774;571;2525;109;0,0431683168316832;0,190893169877408;"GO:1905114";"GO:BP";"cell surface receptor signaling pathway involved in cell-cell signaling";21100;28024;"Up"
"262";"query_1";TRUE;0,00123593868726908;88;2020;25;0,0123762376237624;0,284090909090909;"GO:0061726";"GO:BP";"mitochondrion disassembly";21100;18340;"Up"
"263";"query_1";TRUE;0,00123593868726908;88;2020;25;0,0123762376237624;0,284090909090909;"GO:0000422";"GO:BP";"autophagy of mitochondrion";21100;177;"Up"
"264";"query_1";TRUE;0,00124355613304202;219;2405;51;0,0212058212058212;0,232876712328767;"GO:0050953";"GO:BP";"sensory perception of light stimulus";21100;15466;"Up"
"265";"query_1";TRUE;0,0012460481726951;1351;2494;219;0,0878107457898958;0,162102146558105;"GO:0010648";"GO:BP";"negative regulation of cell communication";21100;4793;"Up"
"266";"query_1";TRUE;0,00128158199602429;109;1954;28;0,0143295803480041;0,256880733944954;"GO:0090174";"GO:BP";"organelle membrane fusion";21100;21191;"Up"
"267";"query_1";TRUE;0,00134974929779276;438;2511;88;0,0350457984866587;0,200913242009132;"GO:0007409";"GO:BP";"axonogenesis";21100;3284;"Up"
"268";"query_1";TRUE;0,00136741527129457;1046;1775;134;0,0754929577464789;0,12810707456979;"GO:0051130";"GO:BP";"positive regulation of cellular component organization";21100;15600;"Up"
"269";"query_1";TRUE;0,00144598130250125;36;431;8;0,0185614849187935;0,222222222222222;"GO:1905898";"GO:BP";"positive regulation of response to endoplasmic reticulum stress";21100;28748;"Up"
"270";"query_1";TRUE;0,00164728193787448;1356;2494;219;0,0878107457898958;0,161504424778761;"GO:0023057";"GO:BP";"negative regulation of signaling";21100;7653;"Up"
"271";"query_1";TRUE;0,00166351181061672;161;2422;41;0,0169281585466557;0,254658385093168;"GO:0031503";"GO:BP";"protein-containing complex localization";21100;8335;"Up"
"272";"query_1";TRUE;0,00167477619907085;227;1022;30;0,0293542074363992;0,13215859030837;"GO:0046777";"GO:BP";"protein autophosphorylation";21100;14353;"Up"
"273";"query_1";TRUE;0,00168116357436484;657;1127;66;0,0585625554569654;0,100456621004566;"GO:0080135";"GO:BP";"regulation of cellular response to stress";21100;20875;"Up"
"274";"query_1";TRUE;0,00173239532200931;249;1248;36;0,0288461538461538;0,144578313253012;"GO:0006814";"GO:BP";"sodium ion transport";21100;2770;"Up"
"275";"query_1";TRUE;0,00174055030646521;64;1085;15;0,0138248847926267;0,234375;"GO:1902017";"GO:BP";"regulation of cilium assembly";21100;25275;"Up"
"276";"query_1";TRUE;0,00188314276523968;86;489;12;0,0245398773006135;0,13953488372093;"GO:0022406";"GO:BP";"membrane docking";21100;7581;"Up"
"277";"query_1";TRUE;0,00190128747636868;1493;2527;240;0,0949742777997626;0,160750167448091;"GO:0051247";"GO:BP";"positive regulation of protein metabolic process";21100;15702;"Up"
"278";"query_1";TRUE;0,00194303866875695;658;2466;119;0,0482562854825629;0,180851063829787;"GO:0055082";"GO:BP";"cellular chemical homeostasis";21100;16786;"Up"
"279";"query_1";TRUE;0,00194431599729006;216;2405;50;0,0207900207900208;0,231481481481481;"GO:0007601";"GO:BP";"visual perception";21100;3462;"Up"
"280";"query_1";TRUE;0,00196696332056356;98;2525;30;0,0118811881188119;0,306122448979592;"GO:0060079";"GO:BP";"excitatory postsynaptic potential";21100;16892;"Up"
"281";"query_1";TRUE;0,00199853800655498;105;1954;27;0,0138178096212897;0,257142857142857;"GO:0006906";"GO:BP";"vesicle fusion";21100;2847;"Up"
"282";"query_1";TRUE;0,00209672084953112;113;372;12;0,032258064516129;0,106194690265487;"GO:1905037";"GO:BP";"autophagosome organization";21100;27959;"Up"
"283";"query_1";TRUE;0,00210642368707696;83;513;12;0,0233918128654971;0,144578313253012;"GO:1905897";"GO:BP";"regulation of response to endoplasmic reticulum stress";21100;28747;"Up"
"284";"query_1";TRUE;0,00215207894063704;52;2496;20;0,00801282051282051;0,384615384615385;"GO:0035176";"GO:BP";"social behavior";21100;10200;"Up"
"285";"query_1";TRUE;0,0025178496260823;357;2357;71;0,0301230377598642;0,198879551820728;"GO:0032535";"GO:BP";"regulation of cellular component size";21100;8826;"Up"
"286";"query_1";TRUE;0,00266582155357277;6004;2527;822;0,325286901464187;0,13690872751499;"GO:0031323";"GO:BP";"regulation of cellular metabolic process";21100;8255;"Up"
"287";"query_1";TRUE;0,0027155635643467;1097;2527;184;0,072813612979818;0,167730173199635;"GO:0001932";"GO:BP";"regulation of protein phosphorylation";21100;662;"Up"
"288";"query_1";TRUE;0,00275589304231598;508;2490;97;0,0389558232931727;0,190944881889764;"GO:1902532";"GO:BP";"negative regulation of intracellular signal transduction";21100;25712;"Up"
"289";"query_1";TRUE;0,00281058110441461;1406;2527;227;0,0898298377522754;0,161450924608819;"GO:0032270";"GO:BP";"positive regulation of cellular protein metabolic process";21100;8642;"Up"
"290";"query_1";TRUE;0,00325880041679573;310;2487;66;0,0265379975874548;0,212903225806452;"GO:0048193";"GO:BP";"Golgi vesicle transport";21100;14601;"Up"
"291";"query_1";TRUE;0,00335024016270609;154;1331;27;0,0202854996243426;0,175324675324675;"GO:0007034";"GO:BP";"vacuolar transport";21100;2952;"Up"
"292";"query_1";TRUE;0,00343421987689258;30;2370;14;0,00590717299578059;0,466666666666667;"GO:0097254";"GO:BP";"renal tubular secretion";21100;21727;"Up"
"293";"query_1";TRUE;0,00348164456525466;186;2377;44;0,0185107278081615;0,236559139784946;"GO:0008217";"GO:BP";"regulation of blood pressure";21100;3558;"Up"
"294";"query_1";TRUE;0,00364756903814663;809;2522;142;0,056304520222046;0,175525339925834;"GO:0060322";"GO:BP";"head development";21100;17097;"Up"
"295";"query_1";TRUE;0,00368703123621983;940;1197;89;0,0743525480367586;0,0946808510638298;"GO:0019752";"GO:BP";"carboxylic acid metabolic process";21100;6954;"Up"
"296";"query_1";TRUE;0,00370862082202733;364;1103;42;0,0380779691749773;0,115384615384615;"GO:0009150";"GO:BP";"purine ribonucleotide metabolic process";21100;3749;"Up"
"297";"query_1";TRUE;0,00372218913213685;56;2370;20;0,00843881856540084;0,357142857142857;"GO:0055078";"GO:BP";"sodium ion homeostasis";21100;16782;"Up"
"298";"query_1";TRUE;0,00404881690204843;1012;2472;168;0,0679611650485437;0,16600790513834;"GO:0000902";"GO:BP";"cell morphogenesis";21100;307;"Up"
"299";"query_1";TRUE;0,0041224793753587;655;2488;118;0,047427652733119;0,180152671755725;"GO:0071363";"GO:BP";"cellular response to growth factor stimulus";21100;19392;"Up"
"300";"query_1";TRUE;0,0043405870821651;54;2496;20;0,00801282051282051;0,37037037037037;"GO:0051703";"GO:BP";"biological process involved in intraspecies interaction between organisms";21100;16053;"Up"
"301";"query_1";TRUE;0,00438925579002894;502;2377;92;0,0387042490534287;0,183266932270916;"GO:0010817";"GO:BP";"regulation of hormone levels";21100;4951;"Up"
"302";"query_1";TRUE;0,00440929152331809;487;2453;92;0,0375050958010599;0,188911704312115;"GO:0034765";"GO:BP";"regulation of ion transmembrane transport";21100;10041;"Up"
"303";"query_1";TRUE;0,00453470546488214;167;2420;41;0,0169421487603306;0,245508982035928;"GO:0050806";"GO:BP";"positive regulation of synaptic transmission";21100;15335;"Up"
"304";"query_1";TRUE;0,00468348486179711;590;2481;108;0,0435308343409915;0,183050847457627;"GO:0005975";"GO:BP";"carbohydrate metabolic process";21100;2009;"Up"
"305";"query_1";TRUE;0,00486683490345592;1833;2520;283;0,112301587301587;0,154391707583197;"GO:0040011";"GO:BP";"locomotion";21100;11458;"Up"
"306";"query_1";TRUE;0,00517055128283216;458;2512;89;0,0354299363057325;0,194323144104804;"GO:0031667";"GO:BP";"response to nutrient levels";21100;8430;"Up"
"307";"query_1";TRUE;0,00540707019392763;107;1412;22;0,0155807365439093;0,205607476635514;"GO:0009408";"GO:BP";"response to heat";21100;3913;"Up"
"308";"query_1";TRUE;0,00554031488432856;105;1443;22;0,0152460152460152;0,20952380952381;"GO:0048640";"GO:BP";"negative regulation of developmental growth";21100;14941;"Up"
"309";"query_1";TRUE;0,00562477059638697;561;2193;94;0,0428636570907433;0,167557932263815;"GO:0090407";"GO:BP";"organophosphate biosynthetic process";21100;21410;"Up"
"310";"query_1";TRUE;0,00576295240586657;722;2511;128;0,0509757068896854;0,177285318559557;"GO:0000904";"GO:BP";"cell morphogenesis involved in differentiation";21100;309;"Up"
"311";"query_1";TRUE;0,00594561182598809;331;2118;61;0,0288007554296506;0,18429003021148;"GO:0019216";"GO:BP";"regulation of lipid metabolic process";21100;6468;"Up"
"312";"query_1";TRUE;0,00614352548348524;29;1490;11;0,00738255033557047;0,379310344827586;"GO:0032148";"GO:BP";"activation of protein kinase B activity";21100;8562;"Up"
"313";"query_1";TRUE;0,00622127376739452;166;2466;41;0,0166261151662612;0,246987951807229;"GO:0046890";"GO:BP";"regulation of lipid biosynthetic process";21100;14429;"Up"
"314";"query_1";TRUE;0,00649243782275716;237;1757;42;0,0239043824701195;0,177215189873418;"GO:0060560";"GO:BP";"developmental growth involved in morphogenesis";21100;17322;"Up"
"315";"query_1";TRUE;0,00655214230366512;1599;2490;248;0,0995983935742972;0,15509693558474;"GO:0048585";"GO:BP";"negative regulation of response to stimulus";21100;14897;"Up"
"316";"query_1";TRUE;0,0067834834766912;3851;2428;527;0,217051070840198;0,136847572059205;"GO:0006950";"GO:BP";"response to stress";21100;2884;"Up"
"317";"query_1";TRUE;0,00691848769515054;66;2239;21;0,00937918713711478;0,318181818181818;"GO:0042446";"GO:BP";"hormone biosynthetic process";21100;11763;"Up"
"318";"query_1";TRUE;0,00693602753022033;999;2527;168;0,0664819944598338;0,168168168168168;"GO:0031401";"GO:BP";"positive regulation of protein modification process";21100;8299;"Up"
"319";"query_1";TRUE;0,0069643571985481;424;2420;81;0,0334710743801653;0,191037735849057;"GO:0050808";"GO:BP";"synapse organization";21100;15337;"Up"
"320";"query_1";TRUE;0,00707023910275052;258;530;21;0,039622641509434;0,0813953488372093;"GO:0034976";"GO:BP";"response to endoplasmic reticulum stress";21100;10062;"Up"
"321";"query_1";TRUE;0,0073553427739665;491;2462;92;0,0373679935012185;0,187372708757637;"GO:0030003";"GO:BP";"cellular cation homeostasis";21100;7667;"Up"
"322";"query_1";TRUE;0,00797113430593251;86;1685;21;0,0124629080118694;0,244186046511628;"GO:0050886";"GO:BP";"endocrine process";21100;15401;"Up"
"323";"query_1";TRUE;0,00804276330884924;272;2506;59;0,0235434956105347;0,216911764705882;"GO:0043270";"GO:BP";"positive regulation of ion transport";21100;12213;"Up"
"324";"query_1";TRUE;0,00804453413527071;339;2422;68;0,0280759702725021;0,200589970501475;"GO:0032386";"GO:BP";"regulation of intracellular transport";21100;8732;"Up"
"325";"query_1";TRUE;0,00837858408285434;506;2462;94;0,0381803411860276;0,185770750988142;"GO:0006873";"GO:BP";"cellular ion homeostasis";21100;2816;"Up"
"326";"query_1";TRUE;0,00845048283036887;154;2409;38;0,0157741801577418;0,246753246753247;"GO:0016052";"GO:BP";"carbohydrate catabolic process";21100;5652;"Up"
"327";"query_1";TRUE;0,00892822552610253;231;2024;45;0,0222332015810277;0,194805194805195;"GO:0042180";"GO:BP";"cellular ketone metabolic process";21100;11580;"Up"
"328";"query_1";TRUE;0,00900860890371339;251;2479;55;0,0221863654699476;0,219123505976096;"GO:1903522";"GO:BP";"regulation of blood circulation";21100;26576;"Up"
"329";"query_1";TRUE;0,00973851553323484;874;2517;149;0,0591974572904251;0,170480549199085;"GO:0019953";"GO:BP";"sexual reproduction";21100;7029;"Up"
"330";"query_1";TRUE;0,00989850288070038;231;2506;52;0,0207501995211492;0,225108225108225;"GO:0009636";"GO:BP";"response to toxic substance";21100;4004;"Up"
"331";"query_1";TRUE;0,00991912427226879;240;2016;46;0,0228174603174603;0,191666666666667;"GO:0045055";"GO:BP";"regulated exocytosis";21100;13100;"Up"
"332";"query_1";TRUE;0,0102408360278497;77;431;10;0,0232018561484919;0,12987012987013;"GO:0030968";"GO:BP";"endoplasmic reticulum unfolded protein response";21100;8080;"Up"
"333";"query_1";TRUE;0,0102754186288634;535;2368;95;0,0401182432432432;0,177570093457944;"GO:0048871";"GO:BP";"multicellular organismal homeostasis";21100;15160;"Up"
"334";"query_1";TRUE;0,0107826055628669;26;811;8;0,00986436498150432;0,307692307692308;"GO:0045724";"GO:BP";"positive regulation of cilium assembly";21100;13452;"Up"
"335";"query_1";TRUE;0,0111282474874772;174;1248;27;0,0216346153846154;0,155172413793103;"GO:0035725";"GO:BP";"sodium ion transmembrane transport";21100;10584;"Up"
"336";"query_1";TRUE;0,0111622524183893;569;2227;95;0,042658284687921;0,166959578207381;"GO:0071407";"GO:BP";"cellular response to organic cyclic compound";21100;19436;"Up"
"337";"query_1";TRUE;0,011213385288383;150;2407;37;0,0153718321562111;0,246666666666667;"GO:0099643";"GO:BP";"signal release from synapse";21100;22399;"Up"
"338";"query_1";TRUE;0,011213385288383;150;2407;37;0,0153718321562111;0,246666666666667;"GO:0007269";"GO:BP";"neurotransmitter secretion";21100;3160;"Up"
"339";"query_1";TRUE;0,0112915387796798;118;1331;22;0,0165289256198347;0,186440677966102;"GO:0007041";"GO:BP";"lysosomal transport";21100;2958;"Up"
"340";"query_1";TRUE;0,0113472155479333;220;2506;50;0,019952114924182;0,227272727272727;"GO:0034764";"GO:BP";"positive regulation of transmembrane transport";21100;10040;"Up"
"341";"query_1";TRUE;0,0116136453154155;393;2481;77;0,0310358726320032;0,195928753180662;"GO:0006644";"GO:BP";"phospholipid metabolic process";21100;2615;"Up"
"342";"query_1";TRUE;0,0118964774365798;613;2520;111;0,0440476190476191;0,181076672104405;"GO:0007169";"GO:BP";"transmembrane receptor protein tyrosine kinase signaling pathway";21100;3069;"Up"
"343";"query_1";TRUE;0,0124186772149523;691;2486;121;0,0486725663716814;0,175108538350217;"GO:0034330";"GO:BP";"cell junction organization";21100;9845;"Up"
"344";"query_1";TRUE;0,0127823791638551;528;1866;78;0,0418006430868167;0,147727272727273;"GO:0007005";"GO:BP";"mitochondrion organization";21100;2928;"Up"
"345";"query_1";TRUE;0,0128380484958115;597;1238;63;0,0508885298869144;0,105527638190955;"GO:0032787";"GO:BP";"monocarboxylic acid metabolic process";21100;9026;"Up"
"346";"query_1";TRUE;0,0131169182696324;639;2475;113;0,0456565656565657;0,176838810641628;"GO:0048589";"GO:BP";"developmental growth";21100;14901;"Up"
"347";"query_1";TRUE;0,0132456920330104;100;1007;17;0,0168818272095333;0,17;"GO:0006165";"GO:BP";"nucleoside diphosphate phosphorylation";21100;2185;"Up"
"348";"query_1";TRUE;0,0133298517655226;54;2200;18;0,00818181818181818;0,333333333333333;"GO:0072698";"GO:BP";"protein localization to microtubule cytoskeleton";21100;20404;"Up"
"349";"query_1";TRUE;0,0136192859196143;221;1677;38;0,0226595110316041;0,171945701357466;"GO:0071241";"GO:BP";"cellular response to inorganic substance";21100;19276;"Up"
"350";"query_1";TRUE;0,0136724463448943;383;1103;42;0,0380779691749773;0,109660574412533;"GO:0009259";"GO:BP";"ribonucleotide metabolic process";21100;3856;"Up"
"351";"query_1";TRUE;0,0137468390965751;97;206;8;0,0388349514563107;0,0824742268041237;"GO:0019218";"GO:BP";"regulation of steroid metabolic process";21100;6470;"Up"
"352";"query_1";TRUE;0,0137874720331262;1655;2520;256;0,101587301587302;0,154682779456193;"GO:0051674";"GO:BP";"localization of cell";21100;16030;"Up"
"353";"query_1";TRUE;0,0137874720331262;1655;2520;256;0,101587301587302;0,154682779456193;"GO:0048870";"GO:BP";"cell motility";21100;15159;"Up"
"354";"query_1";TRUE;0,0147457432233172;77;2322;23;0,0099052540913006;0,298701298701299;"GO:0140056";"GO:BP";"organelle localization by membrane tethering";21100;22969;"Up"
"355";"query_1";TRUE;0,0151232675656888;490;2370;88;0,0371308016877637;0,179591836734694;"GO:0009991";"GO:BP";"response to extracellular stimulus";21100;4277;"Up"
"356";"query_1";TRUE;0,015283236221347;538;2506;99;0,0395051875498803;0,184014869888476;"GO:0010035";"GO:BP";"response to inorganic substance";21100;4309;"Up"
"357";"query_1";TRUE;0,015719445236037;630;2298;105;0,0456919060052219;0,166666666666667;"GO:0000226";"GO:BP";"microtubule cytoskeleton organization";21100;103;"Up"
"358";"query_1";TRUE;0,016055327627947;152;2510;38;0,0151394422310757;0,25;"GO:0010821";"GO:BP";"regulation of mitochondrion organization";21100;4955;"Up"
"359";"query_1";TRUE;0,0160765821537926;81;1007;15;0,0148957298907646;0,185185185185185;"GO:0006096";"GO:BP";"glycolytic process";21100;2124;"Up"
"360";"query_1";TRUE;0,0163997873636577;66;144;6;0,0416666666666667;0,0909090909090909;"GO:0050810";"GO:BP";"regulation of steroid biosynthetic process";21100;15338;"Up"
"361";"query_1";TRUE;0,0174718268806885;102;1007;17;0,0168818272095333;0,166666666666667;"GO:0046939";"GO:BP";"nucleotide phosphorylation";21100;14456;"Up"
"362";"query_1";TRUE;0,0176076059758909;391;1129;43;0,0380868024800709;0,10997442455243;"GO:0006163";"GO:BP";"purine nucleotide metabolic process";21100;2183;"Up"
"363";"query_1";TRUE;0,0179989890085522;2169;2523;324;0,128418549346017;0,149377593360996;"GO:0048584";"GO:BP";"positive regulation of response to stimulus";21100;14896;"Up"
"364";"query_1";TRUE;0,0180314770953572;206;2422;46;0,0189925681255161;0,223300970873786;"GO:0099003";"GO:BP";"vesicle-mediated transport in synapse";21100;22212;"Up"
"365";"query_1";TRUE;0,0187988011663052;38;2370;15;0,00632911392405063;0,394736842105263;"GO:0007588";"GO:BP";"excretion";21100;3449;"Up"
"366";"query_1";TRUE;0,0188177315658623;82;1007;15;0,0148957298907646;0,182926829268293;"GO:0006757";"GO:BP";"ATP generation from ADP";21100;2720;"Up"
"367";"query_1";TRUE;0,0195403727148984;191;1677;34;0,0202742993440668;0,178010471204188;"GO:0071248";"GO:BP";"cellular response to metal ion";21100;19283;"Up"
"368";"query_1";TRUE;0,021273135990243;2074;2478;306;0,123486682808717;0,147540983606557;"GO:0008219";"GO:BP";"cell death";21100;3560;"Up"
"369";"query_1";TRUE;0,0214874252099599;1285;2527;205;0,0811238622872972;0,159533073929961;"GO:0018193";"GO:BP";"peptidyl-amino acid modification";21100;6073;"Up"
"370";"query_1";TRUE;0,0220747286269211;191;372;14;0,0376344086021505;0,0732984293193717;"GO:0007033";"GO:BP";"vacuole organization";21100;2951;"Up"
"371";"query_1";TRUE;0,0227243056190862;26;2366;12;0,00507185122569738;0,461538461538462;"GO:0046835";"GO:BP";"carbohydrate phosphorylation";21100;14392;"Up"
"372";"query_1";TRUE;0,0240927721391338;300;2288;58;0,0253496503496503;0,193333333333333;"GO:0021700";"GO:BP";"developmental maturation";21100;7240;"Up"
"373";"query_1";TRUE;0,0244580268759209;350;1677;52;0,0310077519379845;0,148571428571429;"GO:0010038";"GO:BP";"response to metal ion";21100;4312;"Up"
"374";"query_1";TRUE;0,0259187408263782;393;1103;42;0,0380779691749773;0,106870229007634;"GO:0019693";"GO:BP";"ribose phosphate metabolic process";21100;6913;"Up"
"375";"query_1";TRUE;0,0289358938732291;895;2527;150;0,0593589236248516;0,167597765363128;"GO:0045937";"GO:BP";"positive regulation of phosphate metabolic process";21100;13645;"Up"
"376";"query_1";TRUE;0,0289358938732291;895;2527;150;0,0593589236248516;0,167597765363128;"GO:0010562";"GO:BP";"positive regulation of phosphorus metabolic process";21100;4713;"Up"
"377";"query_1";TRUE;0,0295802794898255;1487;2405;222;0,0923076923076923;0,149293880295898;"GO:0050877";"GO:BP";"nervous system process";21100;15393;"Up"
"378";"query_1";TRUE;0,029608647143204;641;2127;99;0,0465444287729196;0,154446177847114;"GO:0006897";"GO:BP";"endocytosis";21100;2840;"Up"
"379";"query_1";TRUE;0,0303295169426434;54;197;6;0,0304568527918782;0,111111111111111;"GO:0002042";"GO:BP";"cell migration involved in sprouting angiogenesis";21100;760;"Up"
"380";"query_1";TRUE;0,0309628931356125;413;1129;44;0,0389725420726306;0,106537530266344;"GO:0072521";"GO:BP";"purine-containing compound metabolic process";21100;20313;"Up"
"381";"query_1";TRUE;0,0312350450092109;123;2494;32;0,0128307939053729;0,260162601626016;"GO:0046887";"GO:BP";"positive regulation of hormone secretion";21100;14426;"Up"
"382";"query_1";TRUE;0,0324782571013797;249;2479;53;0,0213795885437676;0,21285140562249;"GO:0003015";"GO:BP";"heart process";21100;1591;"Up"
"383";"query_1";TRUE;0,0345296366640784;83;1321;17;0,0128690386071158;0,204819277108434;"GO:0010507";"GO:BP";"negative regulation of autophagy";21100;4673;"Up"
"384";"query_1";TRUE;0,0351297476725597;46;509;8;0,0157170923379175;0,173913043478261;"GO:0006984";"GO:BP";"ER-nucleus signaling pathway";21100;2912;"Up"
"385";"query_1";TRUE;0,0355708180401554;1918;2478;284;0,114608555286521;0,148070907194995;"GO:0012501";"GO:BP";"programmed cell death";21100;5116;"Up"
"386";"query_1";TRUE;0,0357077968041276;106;2526;29;0,0114806017418844;0,273584905660377;"GO:0007631";"GO:BP";"feeding behavior";21100;3491;"Up"
"387";"query_1";TRUE;0,0357960026435109;139;2526;35;0,0138558986539984;0,251798561151079;"GO:0030534";"GO:BP";"adult behavior";21100;7892;"Up"
"388";"query_1";TRUE;0,0362676027770907;124;2370;31;0,0130801687763713;0,25;"GO:0003014";"GO:BP";"renal system process";21100;1590;"Up"
"389";"query_1";TRUE;0,0364165215252465;1865;2478;277;0,111783696529459;0,148525469168901;"GO:0006915";"GO:BP";"apoptotic process";21100;2855;"Up"
"390";"query_1";TRUE;0,0376090938894596;243;2159;47;0,0217693376563224;0,193415637860082;"GO:0006898";"GO:BP";"receptor-mediated endocytosis";21100;2841;"Up"
"391";"query_1";TRUE;0,0391283411146033;324;2453;64;0,0260905014268243;0,197530864197531;"GO:0070588";"GO:BP";"calcium ion transmembrane transport";21100;18944;"Up"
"392";"query_1";TRUE;0,0391283704777358;42;2239;15;0,00669941938365342;0,357142857142857;"GO:0120178";"GO:BP";"steroid hormone biosynthetic process";21100;22855;"Up"
"393";"query_1";TRUE;0,0408679760912691;111;2288;28;0,0122377622377622;0,252252252252252;"GO:0061387";"GO:BP";"regulation of extent of cell growth";21100;18115;"Up"
"394";"query_1";TRUE;0,0411690812705939;58;2200;18;0,00818181818181818;0,310344827586207;"GO:0044380";"GO:BP";"protein localization to cytoskeleton";21100;12759;"Up"
"395";"query_1";TRUE;0,0413588828829488;1243;2490;195;0,0783132530120482;0,156878519710378;"GO:0009968";"GO:BP";"negative regulation of signal transduction";21100;4268;"Up"
"396";"query_1";TRUE;0,0420200046494007;119;2496;31;0,0124198717948718;0,260504201680672;"GO:0007613";"GO:BP";"memory";21100;3473;"Up"
"397";"query_1";TRUE;0,0420496683942319;35;930;9;0,00967741935483871;0,257142857142857;"GO:1905508";"GO:BP";"protein localization to microtubule organizing center";21100;28396;"Up"
"398";"query_1";TRUE;0,0435941893493006;13;2308;8;0,00346620450606586;0,615384615384615;"GO:0035810";"GO:BP";"positive regulation of urine volume";21100;10650;"Up"
"399";"query_1";TRUE;0,043752547573697;239;2479;51;0,0205728116175877;0,213389121338912;"GO:0060047";"GO:BP";"heart contraction";21100;16864;"Up"
"400";"query_1";TRUE;0,0440446741800017;996;2524;163;0,0645800316957211;0,163654618473896;"GO:0030163";"GO:BP";"protein catabolic process";21100;7720;"Up"
"401";"query_1";TRUE;0,0452431934346294;1089;1289;101;0,078355314197052;0,0927456382001837;"GO:0051726";"GO:BP";"regulation of cell cycle";21100;16066;"Up"
"402";"query_1";TRUE;0,0470086511883667;232;1242;31;0,0249597423510467;0,133620689655172;"GO:0016197";"GO:BP";"endosomal transport";21100;5743;"Up"
"403";"query_1";TRUE;0,0473854282633508;8;17;2;0,117647058823529;0,25;"GO:0060397";"GO:BP";"growth hormone receptor signaling pathway via JAK-STAT";21100;17168;"Up"
"404";"query_1";TRUE;0,0488198465034188;169;2444;39;0,0159574468085106;0,230769230769231;"GO:2001257";"GO:BP";"regulation of cation channel activity";21100;30421;"Up"
"405";"query_1";TRUE;0,0488932567809175;455;2370;81;0,0341772151898734;0,178021978021978;"GO:0010876";"GO:BP";"lipid localization";21100;4997;"Up"
"406";"query_1";TRUE;0,0492248483133135;171;2506;40;0,0159616919393456;0,233918128654971;"GO:0034767";"GO:BP";"positive regulation of ion transmembrane transport";21100;10043;"Up"
"407";"query_1";TRUE;0,049408635598742;71;2339;21;0,00897819581017529;0,295774647887324;"GO:0051966";"GO:BP";"regulation of synaptic transmission, glutamatergic";21100;16227;"Up"
"408";"query_1";TRUE;0,0498489549235416;203;2479;45;0,018152480839048;0,221674876847291;"GO:0008016";"GO:BP";"regulation of heart contraction";21100;3501;"Up"
"409";"query_1";TRUE;3,7362968514533e-60;12241;2517;1803;0,716328963051251;0,147291887917654;"GO:0005737";"GO:CC";"cytoplasm";21698;384;"Up"
"410";"query_1";TRUE;8,51087004429963e-35;2212;2509;452;0,180151454762854;0,204339963833635;"GO:0120025";"GO:CC";"plasma membrane bounded cell projection";21698;3858;"Up"
"411";"query_1";TRUE;8,73166424020827e-35;2319;2509;468;0,186528497409326;0,201811125485123;"GO:0042995";"GO:CC";"cell projection";21698;2089;"Up"
"412";"query_1";TRUE;6,66397664892902e-29;4707;2490;774;0,310843373493976;0,164435946462715;"GO:0012505";"GO:CC";"endomembrane system";21698;816;"Up"
"413";"query_1";TRUE;6,69637202583435e-28;3668;2460;626;0,254471544715447;0,170665212649945;"GO:0031090";"GO:CC";"organelle membrane";21698;1215;"Up"
"414";"query_1";TRUE;6,86863449658362e-28;1347;2465;295;0,119675456389452;0,219005196733482;"GO:0043005";"GO:CC";"neuron projection";21698;2090;"Up"
"415";"query_1";TRUE;2,85203067450032e-26;1305;2477;285;0,115058538554703;0,218390804597701;"GO:0045202";"GO:CC";"synapse";21698;2443;"Up"
"416";"query_1";TRUE;6,69127910879052e-24;2125;2520;406;0,161111111111111;0,191058823529412;"GO:0098588";"GO:CC";"bounding membrane of organelle";21698;3578;"Up"
"417";"query_1";TRUE;2,03695360606148e-20;2465;2490;438;0,175903614457831;0,177687626774848;"GO:0097708";"GO:CC";"intracellular vesicle";21698;3493;"Up"
"418";"query_1";TRUE;2,17354961526451e-20;3957;2470;635;0,257085020242915;0,160475107404599;"GO:0031982";"GO:CC";"vesicle";21698;1451;"Up"
"419";"query_1";TRUE;2,85158702108816e-20;5420;2527;837;0,331222793826672;0,154428044280443;"GO:0005829";"GO:CC";"cytosol";21698;469;"Up"
"420";"query_1";TRUE;3,13121324280241e-20;2463;2490;437;0,175502008032129;0,177425903369874;"GO:0031410";"GO:CC";"cytoplasmic vesicle";21698;1320;"Up"
"421";"query_1";TRUE;4,51725771399408e-19;2086;2477;378;0,15260395639887;0,181208053691275;"GO:0030054";"GO:CC";"cell junction";21698;1025;"Up"
"422";"query_1";TRUE;2,08135879518234e-16;637;2524;153;0,0606180665610143;0,240188383045526;"GO:0030424";"GO:CC";"axon";21698;1098;"Up"
"423";"query_1";TRUE;2,03225237617483e-15;835;2465;180;0,0730223123732252;0,215568862275449;"GO:0036477";"GO:CC";"somatodendritic compartment";21698;1960;"Up"
"424";"query_1";TRUE;3,63265469532866e-14;500;2524;124;0,0491283676703645;0,248;"GO:0098793";"GO:CC";"presynapse";21698;3621;"Up"
"425";"query_1";TRUE;2,52990809933877e-13;1237;2477;235;0,0948728300363343;0,18997574777688;"GO:0098590";"GO:CC";"plasma membrane region";21698;3579;"Up"
"426";"query_1";TRUE;9,37944908067681e-13;1195;2465;226;0,091683569979716;0,189121338912134;"GO:0012506";"GO:CC";"vesicle membrane";21698;817;"Up"
"427";"query_1";TRUE;2,0801122872494e-12;1176;2465;222;0,0900608519269777;0,188775510204082;"GO:0030659";"GO:CC";"cytoplasmic vesicle membrane";21698;1117;"Up"
"428";"query_1";TRUE;3,35381949576627e-12;699;1410;102;0,0723404255319149;0,145922746781116;"GO:0005929";"GO:CC";"cilium";21698;552;"Up"
"429";"query_1";TRUE;7,25827767250368e-12;9845;2462;1294;0,525588952071487;0,131437277805993;"GO:0016020";"GO:CC";"membrane";21698;849;"Up"
"430";"query_1";TRUE;8,22098123396987e-12;609;2465;134;0,0543610547667343;0,220032840722496;"GO:0098794";"GO:CC";"postsynapse";21698;3622;"Up"
"431";"query_1";TRUE;2,90870054679697e-11;999;2465;192;0,0778904665314402;0,192192192192192;"GO:0005768";"GO:CC";"endosome";21698;412;"Up"
"432";"query_1";TRUE;2,91842016626723e-11;1339;1542;169;0,109597924773022;0,12621359223301;"GO:0015630";"GO:CC";"microtubule cytoskeleton";21698;837;"Up"
"433";"query_1";TRUE;2,65316360814948e-10;1630;2488;280;0,112540192926045;0,171779141104294;"GO:0005794";"GO:CC";"Golgi apparatus";21698;437;"Up"
"434";"query_1";TRUE;3,00002552012485e-10;1485;2397;252;0,105131414267835;0,16969696969697;"GO:0031984";"GO:CC";"organelle subcompartment";21698;1453;"Up"
"435";"query_1";TRUE;3,3925585000874e-10;409;2387;95;0,0397989107666527;0,232273838630807;"GO:0030133";"GO:CC";"transport vesicle";21698;1072;"Up"
"436";"query_1";TRUE;3,75598678163397e-10;2015;2350;317;0,134893617021277;0,157320099255583;"GO:0005783";"GO:CC";"endoplasmic reticulum";21698;426;"Up"
"437";"query_1";TRUE;5,4764731395235e-10;838;1272;102;0,080188679245283;0,121718377088305;"GO:0005773";"GO:CC";"vacuole";21698;416;"Up"
"438";"query_1";TRUE;9,40898135059436e-10;2355;1542;254;0,164721141374838;0,107855626326964;"GO:0005856";"GO:CC";"cytoskeleton";21698;491;"Up"
"439";"query_1";TRUE;1,05570464226193e-09;558;2526;122;0,0482977038796516;0,218637992831541;"GO:0044297";"GO:CC";"cell body";21698;2302;"Up"
"440";"query_1";TRUE;1,49568787826635e-09;1031;2490;192;0,0771084337349398;0,186226964112512;"GO:0099503";"GO:CC";"secretory vesicle";21698;3776;"Up"
"441";"query_1";TRUE;2,41506148465465e-09;610;2465;127;0,0515212981744422;0,208196721311475;"GO:0030425";"GO:CC";"dendrite";21698;1099;"Up"
"442";"query_1";TRUE;3,05249847133255e-09;612;2465;127;0,0515212981744422;0,207516339869281;"GO:0097447";"GO:CC";"dendritic tree";21698;3353;"Up"
"443";"query_1";TRUE;5,80659867570703e-09;70;852;19;0,0223004694835681;0,271428571428571;"GO:0035869";"GO:CC";"ciliary transition zone";21698;1890;"Up"
"444";"query_1";TRUE;1,0483260687622e-08;826;867;75;0,0865051903114187;0,0907990314769976;"GO:0005815";"GO:CC";"microtubule organizing center";21698;456;"Up"
"445";"query_1";TRUE;1,08824424742776e-08;2133;1631;241;0,1477621091355;0,112986404125645;"GO:1903561";"GO:CC";"extracellular vesicle";21698;4067;"Up"
"446";"query_1";TRUE;1,14058654811705e-08;2134;1631;241;0,1477621091355;0,112933458294283;"GO:0043230";"GO:CC";"extracellular organelle";21698;2127;"Up"
"447";"query_1";TRUE;1,14058654811705e-08;2134;1631;241;0,1477621091355;0,112933458294283;"GO:0065010";"GO:CC";"extracellular membrane-bounded organelle";21698;2715;"Up"
"448";"query_1";TRUE;1,32979139899553e-08;1152;2340;196;0,0837606837606838;0,170138888888889;"GO:0098827";"GO:CC";"endoplasmic reticulum subcompartment";21698;3634;"Up"
"449";"query_1";TRUE;1,46477312060682e-08;742;1272;90;0,0707547169811321;0,121293800539084;"GO:0000323";"GO:CC";"lytic vacuole";21698;66;"Up"
"450";"query_1";TRUE;1,46477312060682e-08;742;1272;90;0,0707547169811321;0,121293800539084;"GO:0005764";"GO:CC";"lysosome";21698;408;"Up"
"451";"query_1";TRUE;1,60357507829119e-08;1147;2340;195;0,0833333333333333;0,170008718395815;"GO:0005789";"GO:CC";"endoplasmic reticulum membrane";21698;432;"Up"
"452";"query_1";TRUE;2,11445223728036e-08;460;1438;70;0,0486787204450626;0,152173913043478;"GO:0005774";"GO:CC";"vacuolar membrane";21698;417;"Up"
"453";"query_1";TRUE;2,44233337031317e-08;47;1474;19;0,0128900949796472;0,404255319148936;"GO:0097542";"GO:CC";"ciliary tip";21698;3401;"Up"
"454";"query_1";TRUE;2,76695916874778e-08;1169;2340;197;0,0841880341880342;0,168520102651839;"GO:0042175";"GO:CC";"nuclear outer membrane-endoplasmic reticulum membrane network";21698;2018;"Up"
"455";"query_1";TRUE;3,63869784148068e-08;372;2477;86;0,0347194186515947;0,231182795698925;"GO:0097060";"GO:CC";"synaptic membrane";21698;3243;"Up"
"456";"query_1";TRUE;5,54660628250256e-08;490;2526;106;0,0419635787806809;0,216326530612245;"GO:0043025";"GO:CC";"neuronal cell body";21698;2092;"Up"
"457";"query_1";TRUE;5,56296030941833e-08;41;819;14;0,0170940170940171;0,341463414634146;"GO:0032391";"GO:CC";"photoreceptor connecting cilium";21698;1520;"Up"
"458";"query_1";TRUE;6,58397704175829e-08;413;1438;64;0,0445062586926286;0,154963680387409;"GO:0005765";"GO:CC";"lysosomal membrane";21698;409;"Up"
"459";"query_1";TRUE;6,58397704175829e-08;413;1438;64;0,0445062586926286;0,154963680387409;"GO:0098852";"GO:CC";"lytic vacuole membrane";21698;3650;"Up"
"460";"query_1";TRUE;7,36084744465327e-08;642;2460;127;0,0516260162601626;0,197819314641745;"GO:0000139";"GO:CC";"Golgi membrane";21698;19;"Up"
"461";"query_1";TRUE;1,56483900856938e-07;718;2407;135;0,0560864146240133;0,188022284122563;"GO:0048471";"GO:CC";"perinuclear region of cytoplasm";21698;2538;"Up"
"462";"query_1";TRUE;1,66214793053926e-07;276;2524;69;0,027337559429477;0,25;"GO:0150034";"GO:CC";"distal axon";21698;3996;"Up"
"463";"query_1";TRUE;2,42172337241562e-07;628;1542;88;0,0570687418936446;0,140127388535032;"GO:0005813";"GO:CC";"centrosome";21698;454;"Up"
"464";"query_1";TRUE;3,52595595595079e-07;2110;1631;232;0,142244022072348;0,109952606635071;"GO:0070062";"GO:CC";"extracellular exosome";21698;2739;"Up"
"465";"query_1";TRUE;3,60260850878684e-07;1505;2374;239;0,100673967986521;0,158803986710963;"GO:1902494";"GO:CC";"catalytic complex";21698;4012;"Up"
"466";"query_1";TRUE;5,71513543792914e-07;233;1410;42;0,0297872340425532;0,180257510729614;"GO:0031514";"GO:CC";"motile cilium";21698;1365;"Up"
"467";"query_1";TRUE;7,98561606206321e-07;343;2215;72;0,0325056433408578;0,209912536443149;"GO:0099572";"GO:CC";"postsynaptic specialization";21698;3787;"Up"
"468";"query_1";TRUE;9,50402478840801e-07;122;2212;36;0,0162748643761302;0,295081967213115;"GO:0097733";"GO:CC";"photoreceptor cell cilium";21698;3502;"Up"
"469";"query_1";TRUE;1,97512191766502e-06;350;2215;72;0,0325056433408578;0,205714285714286;"GO:0098984";"GO:CC";"neuron to neuron synapse";21698;3700;"Up"
"470";"query_1";TRUE;2,39576029256382e-06;200;2387;51;0,0213657310431504;0,255;"GO:0008021";"GO:CC";"synaptic vesicle";21698;596;"Up"
"471";"query_1";TRUE;2,81804254724898e-06;326;2310;70;0,0303030303030303;0,214723926380368;"GO:0032279";"GO:CC";"asymmetric synapse";21698;1507;"Up"
"472";"query_1";TRUE;3,00752218815552e-06;320;2310;69;0,0298701298701299;0,215625;"GO:0014069";"GO:CC";"postsynaptic density";21698;823;"Up"
"473";"query_1";TRUE;3,52530934790479e-06;221;2304;53;0,0230034722222222;0,239819004524887;"GO:0032838";"GO:CC";"plasma membrane bounded cell projection cytoplasm";21698;1559;"Up"
"474";"query_1";TRUE;6,16003501056774e-06;5757;2478;774;0,312348668280872;0,134445023449713;"GO:0005886";"GO:CC";"plasma membrane";21698;514;"Up"
"475";"query_1";TRUE;8,47199570014705e-06;260;2462;61;0,0247766043866775;0,234615384615385;"GO:0099568";"GO:CC";"cytoplasmic region";21698;3784;"Up"
"476";"query_1";TRUE;1,17062779986179e-05;133;2212;36;0,0162748643761302;0,270676691729323;"GO:0097731";"GO:CC";"9+0 non-motile cilium";21698;3500;"Up"
"477";"query_1";TRUE;1,66624383702926e-05;444;2298;85;0,0369886858137511;0,191441441441441;"GO:0005874";"GO:CC";"microtubule";21698;504;"Up"
"478";"query_1";TRUE;2,20678984461691e-05;1348;2159;194;0,0898564150069477;0,143916913946588;"GO:0098796";"GO:CC";"membrane protein complex";21698;3623;"Up"
"479";"query_1";TRUE;2,60103918363741e-05;220;2387;52;0,0217846669459573;0,236363636363636;"GO:0070382";"GO:CC";"exocytic vesicle";21698;2793;"Up"
"480";"query_1";TRUE;2,62143079418628e-05;866;2527;153;0,0605461020973486;0,176674364896074;"GO:0030141";"GO:CC";"secretory granule";21698;1079;"Up"
"481";"query_1";TRUE;2,71328384653925e-05;167;2212;41;0,0185352622061483;0,245508982035928;"GO:0097730";"GO:CC";"non-motile cilium";21698;3499;"Up"
"482";"query_1";TRUE;3,0703408852686e-05;1683;1735;194;0,111815561959654;0,115270350564468;"GO:0005739";"GO:CC";"mitochondrion";21698;385;"Up"
"483";"query_1";TRUE;3,44008815747337e-05;1724;2465;265;0,107505070993915;0,153712296983759;"GO:0031226";"GO:CC";"intrinsic component of plasma membrane";21698;1237;"Up"
"484";"query_1";TRUE;3,69159316566742e-05;4215;2524;590;0,233755942947702;0,139976275207592;"GO:0005654";"GO:CC";"nucleoplasm";21698;311;"Up"
"485";"query_1";TRUE;5,00673658510233e-05;4315;2527;602;0,238227146814404;0,139513325608343;"GO:0005576";"GO:CC";"extracellular region";21698;240;"Up"
"486";"query_1";TRUE;5,05100558259831e-05;341;2465;72;0,0292089249492901;0,211143695014663;"GO:0031253";"GO:CC";"cell projection membrane";21698;1260;"Up"
"487";"query_1";TRUE;5,30419989774778e-05;419;2506;85;0,0339185953711093;0,202863961813842;"GO:0031300";"GO:CC";"intrinsic component of organelle membrane";21698;1274;"Up"
"488";"query_1";TRUE;8,02164189748755e-05;299;2154;59;0,0273909006499536;0,197324414715719;"GO:0034702";"GO:CC";"ion channel complex";21698;1768;"Up"
"489";"query_1";TRUE;9,14803055584962e-05;162;2298;40;0,0174064403829417;0,246913580246914;"GO:0005875";"GO:CC";"microtubule associated complex";21698;505;"Up"
"490";"query_1";TRUE;9,94867384770443e-05;175;2465;44;0,0178498985801217;0,251428571428571;"GO:0044309";"GO:CC";"neuron spine";21698;2314;"Up"
"491";"query_1";TRUE;0,000132577170885461;390;2154;71;0,0329619312906221;0,182051282051282;"GO:1902495";"GO:CC";"transmembrane transporter complex";21698;4013;"Up"
"492";"query_1";TRUE;0,000152904523316287;27;394;7;0,0177664974619289;0,259259259259259;"GO:0016471";"GO:CC";"vacuolar proton-transporting V-type ATPase complex";21698;875;"Up"
"493";"query_1";TRUE;0,000160305170241084;172;2465;43;0,0174442190669371;0,25;"GO:0043197";"GO:CC";"dendritic spine";21698;2112;"Up"
"494";"query_1";TRUE;0,000170645026607127;286;1243;39;0,0313757039420756;0,136363636363636;"GO:0005770";"GO:CC";"late endosome";21698;414;"Up"
"495";"query_1";TRUE;0,000207438776441253;527;2465;98;0,0397565922920892;0,18595825426945;"GO:0010008";"GO:CC";"endosome membrane";21698;794;"Up"
"496";"query_1";TRUE;0,00021004699541541;288;1294;40;0,0309119010819165;0,138888888888889;"GO:0061695";"GO:CC";"transferase complex, transferring phosphorus-containing groups";21698;2634;"Up"
"497";"query_1";TRUE;0,000260452910047731;29;394;7;0,0177664974619289;0,241379310344828;"GO:0033176";"GO:CC";"proton-transporting V-type ATPase complex";21698;1622;"Up"
"498";"query_1";TRUE;0,000268832851499234;838;1959;118;0,0602348136804492;0,140811455847255;"GO:1990234";"GO:CC";"transferase complex";21698;4218;"Up"
"499";"query_1";TRUE;0,000323023237005036;88;2462;27;0,0109666937449228;0,306818181818182;"GO:0120111";"GO:CC";"neuron projection cytoplasm";21698;3877;"Up"
"500";"query_1";TRUE;0,000323820076735954;171;1596;32;0,0200501253132832;0,187134502923977;"GO:0030427";"GO:CC";"site of polarized growth";21698;1101;"Up"
"501";"query_1";TRUE;0,000373156974587699;193;1707;36;0,0210896309314587;0,186528497409326;"GO:0055037";"GO:CC";"recycling endosome";21698;2561;"Up"
"502";"query_1";TRUE;0,000401486664807099;165;2293;39;0,0170082860880942;0,236363636363636;"GO:0030426";"GO:CC";"growth cone";21698;1100;"Up"
"503";"query_1";TRUE;0,000436168261839895;15617;451;368;0,815964523281596;0,0235640648011782;"GO:0043227";"GO:CC";"membrane-bounded organelle";21698;2124;"Up"
"504";"query_1";TRUE;0,000446432167220461;6237;2478;814;0,328490718321227;0,130511463844797;"GO:0071944";"GO:CC";"cell periphery";21698;3128;"Up"
"505";"query_1";TRUE;0,000474760792129356;125;1007;20;0,0198609731876862;0,16;"GO:1902911";"GO:CC";"protein kinase complex";21698;4049;"Up"
"506";"query_1";TRUE;0,000536922225894312;412;2154;72;0,0334261838440111;0,174757281553398;"GO:1990351";"GO:CC";"transporter complex";21698;4267;"Up"
"507";"query_1";TRUE;0,000546863671422341;17809;551;492;0,892921960072595;0,0276264809927565;"GO:0005622";"GO:CC";"intracellular anatomical structure";21698;283;"Up"
"508";"query_1";TRUE;0,000575189011616353;96;2450;28;0,0114285714285714;0,291666666666667;"GO:0030117";"GO:CC";"membrane coat";21698;1056;"Up"
"509";"query_1";TRUE;0,000575189011616353;96;2450;28;0,0114285714285714;0,291666666666667;"GO:0048475";"GO:CC";"coated membrane";21698;2539;"Up"
"510";"query_1";TRUE;0,000666330314417483;170;2089;37;0,0177118238391575;0,217647058823529;"GO:0009898";"GO:CC";"cytoplasmic side of plasma membrane";21698;784;"Up"
"511";"query_1";TRUE;0,000683890949260801;207;2362;46;0,0194750211685013;0,222222222222222;"GO:0030658";"GO:CC";"transport vesicle membrane";21698;1116;"Up"
"512";"query_1";TRUE;0,000763309410388621;63;2394;21;0,0087719298245614;0,333333333333333;"GO:0001917";"GO:CC";"photoreceptor inner segment";21698;191;"Up"
"513";"query_1";TRUE;0,00080387449360009;1642;2465;246;0,0997971602434077;0,149817295980512;"GO:0005887";"GO:CC";"integral component of plasma membrane";21698;515;"Up"
"514";"query_1";TRUE;0,00124441860084107;272;2525;58;0,022970297029703;0,213235294117647;"GO:0045211";"GO:CC";"postsynaptic membrane";21698;2445;"Up"
"515";"query_1";TRUE;0,00131020509105193;108;1856;25;0,0134698275862069;0,231481481481481;"GO:1902554";"GO:CC";"serine/threonine protein kinase complex";21698;4023;"Up"
"516";"query_1";TRUE;0,00154983631148438;418;1211;47;0,0388109000825764;0,11244019138756;"GO:0005819";"GO:CC";"spindle";21698;460;"Up"
"517";"query_1";TRUE;0,00162003621567372;160;2219;36;0,0162235241099594;0,225;"GO:0036064";"GO:CC";"ciliary basal body";21698;1918;"Up"
"518";"query_1";TRUE;0,00195547972672863;3364;2436;454;0,186371100164204;0,134958382877527;"GO:0005615";"GO:CC";"extracellular space";21698;277;"Up"
"519";"query_1";TRUE;0,00204368793310203;318;2127;57;0,0267983074753173;0,179245283018868;"GO:0019898";"GO:CC";"extrinsic component of membrane";21698;983;"Up"
"520";"query_1";TRUE;0,00219247210275952;95;2196;25;0,011384335154827;0,263157894736842;"GO:0001750";"GO:CC";"photoreceptor outer segment";21698;188;"Up"
"521";"query_1";TRUE;0,00234306022866772;111;2512;30;0,0119426751592357;0,27027027027027;"GO:0005776";"GO:CC";"autophagosome";21698;419;"Up"
"522";"query_1";TRUE;0,0030108019871993;25;2087;11;0,0052707235265932;0,44;"GO:0030990";"GO:CC";"intraciliary transport particle";21698;1186;"Up"
"523";"query_1";TRUE;0,00309957282384034;195;2089;39;0,0186692197223552;0,2;"GO:0098562";"GO:CC";"cytoplasmic side of membrane";21698;3557;"Up"
"524";"query_1";TRUE;0,00351180638739942;20;2235;10;0,00447427293064877;0,5;"GO:0120293";"GO:CC";"dynein axonemal particle";21698;3924;"Up"
"525";"query_1";TRUE;0,00359343197314931;62;2462;20;0,00812347684809098;0,32258064516129;"GO:1904115";"GO:CC";"axon cytoplasm";21698;4077;"Up"
"526";"query_1";TRUE;0,0038345206552135;389;2506;74;0,0295291300877893;0,190231362467866;"GO:0031301";"GO:CC";"integral component of organelle membrane";21698;1275;"Up"
"527";"query_1";TRUE;0,00383876268655245;226;2154;44;0,0204271123491179;0,194690265486726;"GO:0034703";"GO:CC";"cation channel complex";21698;1769;"Up"
"528";"query_1";TRUE;0,00387766666681185;98;1243;18;0,0144810941271118;0,183673469387755;"GO:0043202";"GO:CC";"lysosomal lumen";21698;2114;"Up"
"529";"query_1";TRUE;0,00538927818048532;40;1827;13;0,00711548987411056;0,325;"GO:0097546";"GO:CC";"ciliary base";21698;3405;"Up"
"530";"query_1";TRUE;0,00605851870042549;56;2365;18;0,00761099365750529;0,321428571428571;"GO:0031526";"GO:CC";"brush border membrane";21698;1373;"Up"
"531";"query_1";TRUE;0,00688301212569499;97;2444;26;0,0106382978723404;0,268041237113402;"GO:0034705";"GO:CC";"potassium channel complex";21698;1771;"Up"
"532";"query_1";TRUE;0,00752935376932561;390;1022;38;0,0371819960861057;0,0974358974358974;"GO:0005769";"GO:CC";"early endosome";21698;413;"Up"
"533";"query_1";TRUE;0,00810684826177392;135;938;18;0,0191897654584222;0,133333333333333;"GO:0097014";"GO:CC";"ciliary plasm";21698;3234;"Up"
"534";"query_1";TRUE;0,00844510029896188;157;2439;36;0,014760147601476;0,229299363057325;"GO:0097729";"GO:CC";"9+2 motile cilium";21698;3498;"Up"
"535";"query_1";TRUE;0,0101849167226241;144;2477;34;0,0137262817924909;0,236111111111111;"GO:0042734";"GO:CC";"presynaptic membrane";21698;2078;"Up"
"536";"query_1";TRUE;0,0102468701462697;331;2310;60;0,025974025974026;0,181268882175227;"GO:0098978";"GO:CC";"glutamatergic synapse";21698;3694;"Up"
"537";"query_1";TRUE;0,0104135172657852;130;2524;32;0,0126782884310618;0,246153846153846;"GO:0044306";"GO:CC";"neuron projection terminus";21698;2311;"Up"
"538";"query_1";TRUE;0,0104761852548127;69;498;9;0,0180722891566265;0,130434782608696;"GO:0031594";"GO:CC";"neuromuscular junction";21698;1383;"Up"
"539";"query_1";TRUE;0,0108208694578345;416;2410;74;0,0307053941908714;0,177884615384615;"GO:0016607";"GO:CC";"nuclear speck";21698;901;"Up"
"540";"query_1";TRUE;0,0110343182208938;343;2332;62;0,0265866209262436;0,180758017492711;"GO:0030139";"GO:CC";"endocytic vesicle";21698;1077;"Up"
"541";"query_1";TRUE;0,0121910921024141;11;394;4;0,0101522842639594;0,363636363636364;"GO:0033180";"GO:CC";"proton-transporting V-type ATPase, V1 domain";21698;1626;"Up"
"542";"query_1";TRUE;0,0121910921024141;11;394;4;0,0101522842639594;0,363636363636364;"GO:0000221";"GO:CC";"vacuolar proton-transporting V-type ATPase, V1 domain";21698;38;"Up"
"543";"query_1";TRUE;0,0131924091597823;50;2297;16;0,00696560731388768;0,32;"GO:0005871";"GO:CC";"kinesin complex";21698;501;"Up"
"544";"query_1";TRUE;0,013376140300153;155;2423;35;0,0144449030127941;0,225806451612903;"GO:0043204";"GO:CC";"perikaryon";21698;2116;"Up"
"545";"query_1";TRUE;0,0134626472760016;6;1984;5;0,00252016129032258;0,833333333333333;"GO:0099025";"GO:CC";"anchored component of postsynaptic membrane";21698;3714;"Up"
"546";"query_1";TRUE;0,0135735019001342;43;1071;10;0,00933706816059757;0,232558139534884;"GO:0097225";"GO:CC";"sperm midpiece";21698;3302;"Up"
"547";"query_1";TRUE;0,0136813911810901;142;2439;33;0,013530135301353;0,232394366197183;"GO:0036126";"GO:CC";"sperm flagellum";21698;1922;"Up"
"548";"query_1";TRUE;0,0138703096088762;165;2465;37;0,0150101419878296;0,224242424242424;"GO:0099240";"GO:CC";"intrinsic component of synaptic membrane";21698;3771;"Up"
"549";"query_1";TRUE;0,0150933791253687;115;2524;29;0,0114896988906498;0,252173913043478;"GO:0043679";"GO:CC";"axon terminus";21698;2205;"Up"
"550";"query_1";TRUE;0,0161756278465805;327;2271;58;0,0255394099515632;0,17737003058104;"GO:0045121";"GO:CC";"membrane raft";21698;2433;"Up"
"551";"query_1";TRUE;0,0165468222485069;48;2450;16;0,00653061224489796;0,333333333333333;"GO:0030118";"GO:CC";"clathrin coat";21698;1057;"Up"
"552";"query_1";TRUE;0,0176840498318703;328;2271;58;0,0255394099515632;0,176829268292683;"GO:0098857";"GO:CC";"membrane microdomain";21698;3654;"Up"
"553";"query_1";TRUE;0,0181057064946782;15936;450;366;0,813333333333333;0,0229668674698795;"GO:0043229";"GO:CC";"intracellular organelle";21698;2126;"Up"
"554";"query_1";TRUE;0,0225655584119397;55;394;7;0,0177664974619289;0,127272727272727;"GO:0016469";"GO:CC";"proton-transporting two-sector ATPase complex";21698;874;"Up"
"555";"query_1";TRUE;0,0236315874035678;93;2420;24;0,00991735537190083;0,258064516129032;"GO:0055038";"GO:CC";"recycling endosome membrane";21698;2562;"Up"
"556";"query_1";TRUE;0,024107770050556;40;117;4;0,0341880341880342;0,1;"GO:0031463";"GO:CC";"Cul3-RING ubiquitin ligase complex";21698;1335;"Up"
"557";"query_1";TRUE;0,0243202711887692;175;1243;24;0,0193081255028158;0,137142857142857;"GO:0005775";"GO:CC";"vacuolar lumen";21698;418;"Up"
"558";"query_1";TRUE;0,0251424098336965;55;31;3;0,0967741935483871;0,0545454545454545;"GO:1904724";"GO:CC";"tertiary granule lumen";21698;4085;"Up"
"559";"query_1";TRUE;0,0258221425495532;134;938;17;0,0181236673773987;0,126865671641791;"GO:0005930";"GO:CC";"axoneme";21698;553;"Up"
"560";"query_1";TRUE;0,0313572487045197;14570;450;339;0,753333333333333;0,0232669869595058;"GO:0043231";"GO:CC";"intracellular membrane-bounded organelle";21698;2128;"Up"
"561";"query_1";TRUE;0,031368576285991;4;81;2;0,0246913580246914;0,5;"GO:0098592";"GO:CC";"cytoplasmic side of apical plasma membrane";21698;3581;"Up"
"562";"query_1";TRUE;0,0360521913900387;129;2342;29;0,0123825789923143;0,224806201550388;"GO:0001669";"GO:CC";"acrosomal vesicle";21698;168;"Up"
"563";"query_1";TRUE;0,0367468780887099;56;2450;17;0,00693877551020408;0,303571428571429;"GO:0030120";"GO:CC";"vesicle coat";21698;1059;"Up"
"564";"query_1";TRUE;0,037688507696561;54;2298;16;0,00696257615317668;0,296296296296296;"GO:0030286";"GO:CC";"dynein complex";21698;1089;"Up"
"565";"query_1";TRUE;0,0402812496928701;12;1616;6;0,00371287128712871;0,5;"GO:0098993";"GO:CC";"anchored component of synaptic vesicle membrane";21698;3704;"Up"
"566";"query_1";TRUE;0,0407215164310461;93;109;5;0,0458715596330275;0,0537634408602151;"GO:0005684";"GO:CC";"U2-type spliceosomal complex";21698;337;"Up"
"567";"query_1";TRUE;0,0455211284991357;3;1069;3;0,00280636108512629;1;"GO:0032937";"GO:CC";"SREBP-SCAP-Insig complex";21698;1564;"Up"
"568";"query_1";TRUE;0,0458204434857626;197;2332;39;0,0167238421955403;0,197969543147208;"GO:0030136";"GO:CC";"clathrin-coated vesicle";21698;1075;"Up"
"569";"query_1";TRUE;0,0477454273400301;205;1465;29;0,0197952218430034;0,141463414634146;"GO:0030496";"GO:CC";"midbody";21698;1111;"Up"
"570";"query_1";TRUE;0,0498532845971591;18;2087;8;0,00383325347388596;0,444444444444444;"GO:0030992";"GO:CC";"intraciliary transport particle B";21698;1188;"Up"
"571";"query_1";TRUE;2,30125297503158e-31;14833;2514;2089;0,830946698488465;0,140834625497202;"GO:0005515";"GO:MF";"protein binding";20183;1879;"Up"
"572";"query_1";TRUE;3,50949465243e-14;2519;2328;421;0,180841924398625;0,167129813418023;"GO:0036094";"GO:MF";"small molecule binding";20183;6382;"Up"
"573";"query_1";TRUE;6,8720649378156e-14;2176;1445;256;0,177162629757785;0,117647058823529;"GO:0000166";"GO:MF";"nucleotide binding";20183;35;"Up"
"574";"query_1";TRUE;7,27824966251187e-14;2177;1445;256;0,177162629757785;0,117593017914561;"GO:1901265";"GO:MF";"nucleoside phosphate binding";20183;11989;"Up"
"575";"query_1";TRUE;3,23329576036595e-13;5746;2375;845;0,355789473684211;0,147058823529412;"GO:0003824";"GO:MF";"catalytic activity";20183;514;"Up"
"576";"query_1";TRUE;2,08221523406884e-12;1936;1436;228;0,158774373259053;0,117768595041322;"GO:0032553";"GO:MF";"ribonucleotide binding";20183;5399;"Up"
"577";"query_1";TRUE;3,46525076630692e-12;2422;1436;270;0,188022284122563;0,111478117258464;"GO:0043168";"GO:MF";"anion binding";20183;6765;"Up"
"578";"query_1";TRUE;8,93027891494128e-12;1850;1436;218;0,151810584958217;0,117837837837838;"GO:0035639";"GO:MF";"purine ribonucleoside triphosphate binding";20183;6335;"Up"
"579";"query_1";TRUE;1,87498311285046e-11;1919;1436;223;0,155292479108635;0,116206357477853;"GO:0032555";"GO:MF";"purine ribonucleotide binding";20183;5401;"Up"
"580";"query_1";TRUE;3,8352091620336e-11;1932;1436;223;0,155292479108635;0,115424430641822;"GO:0017076";"GO:MF";"purine nucleotide binding";20183;3955;"Up"
"581";"query_1";TRUE;2,95964274626905e-10;2292;1436;251;0,174791086350975;0,109511343804538;"GO:0097367";"GO:MF";"carbohydrate derivative binding";20183;10311;"Up"
"582";"query_1";TRUE;6,03669347627497e-09;340;1655;67;0,0404833836858006;0,197058823529412;"GO:0003924";"GO:MF";"GTPase activity";20183;600;"Up"
"583";"query_1";TRUE;8,38383051141807e-09;698;1655;110;0,0664652567975831;0,157593123209169;"GO:0017111";"GO:MF";"nucleoside-triphosphatase activity";20183;3978;"Up"
"584";"query_1";TRUE;1,10762091890103e-08;754;1655;116;0,0700906344410876;0,153846153846154;"GO:0016462";"GO:MF";"pyrophosphatase activity";20183;3543;"Up"
"585";"query_1";TRUE;1,43121278923433e-08;757;1655;116;0,0700906344410876;0,153236459709379;"GO:0016818";"GO:MF";"hydrolase activity, acting on acid anhydrides, in phosphorus-containing anhydrides";20183;3781;"Up"
"586";"query_1";TRUE;1,43121278923433e-08;757;1655;116;0,0700906344410876;0,153236459709379;"GO:0016817";"GO:MF";"hydrolase activity, acting on acid anhydrides";20183;3780;"Up"
"587";"query_1";TRUE;5,67286265739084e-07;795;1052;83;0,0788973384030418;0,10440251572327;"GO:0016301";"GO:MF";"kinase activity";20183;3487;"Up"
"588";"query_1";TRUE;7,51385927767199e-07;2048;1648;241;0,14623786407767;0,11767578125;"GO:0019899";"GO:MF";"enzyme binding";20183;4612;"Up"
"589";"query_1";TRUE;1,51684453684698e-06;6066;2524;886;0,351030110935024;0,146060006594131;"GO:0043167";"GO:MF";"ion binding";20183;6764;"Up"
"590";"query_1";TRUE;1,60772863510093e-06;1566;1062;136;0,128060263653484;0,086845466155811;"GO:0032559";"GO:MF";"adenyl ribonucleotide binding";20183;5405;"Up"
"591";"query_1";TRUE;2,46286599289857e-06;1503;1103;135;0,122393472348141;0,0898203592814371;"GO:0005524";"GO:MF";"ATP binding";20183;1888;"Up"
"592";"query_1";TRUE;2,50542378100785e-06;1577;1062;136;0,128060263653484;0,0862396956246037;"GO:0030554";"GO:MF";"adenyl nucleotide binding";20183;4877;"Up"
"593";"query_1";TRUE;2,97829872831114e-06;954;1496;120;0,0802139037433155;0,125786163522013;"GO:0016772";"GO:MF";"transferase activity, transferring phosphorus-containing groups";20183;3741;"Up"
"594";"query_1";TRUE;4,62428518284664e-06;695;1052;73;0,0693916349809886;0,105035971223022;"GO:0016773";"GO:MF";"phosphotransferase activity, alcohol group as acceptor";20183;3742;"Up"
"595";"query_1";TRUE;1,19813940026052e-05;308;2397;71;0,0296203587818106;0,230519480519481;"GO:0030674";"GO:MF";"protein-macromolecule adaptor activity";20183;4927;"Up"
"596";"query_1";TRUE;1,7517562158019e-05;384;1842;69;0,0374592833876222;0,1796875;"GO:0005525";"GO:MF";"GTP binding";20183;1889;"Up"
"597";"query_1";TRUE;4,043497446478e-05;598;2444;117;0,0478723404255319;0,195652173913043;"GO:0022890";"GO:MF";"inorganic cation transmembrane transporter activity";20183;4706;"Up"
"598";"query_1";TRUE;4,19760424844086e-05;999;2309;169;0,0731918579471633;0,169169169169169;"GO:0008092";"GO:MF";"cytoskeletal protein binding";20183;1959;"Up"
"599";"query_1";TRUE;5,27468584978607e-05;71;1627;21;0,0129071911493546;0,295774647887324;"GO:0019003";"GO:MF";"GDP binding";20183;4441;"Up"
"600";"query_1";TRUE;0,00011022947561056;735;2420;135;0,0557851239669422;0,183673469387755;"GO:0015318";"GO:MF";"inorganic molecular entity transmembrane transporter activity";20183;3109;"Up"
"601";"query_1";TRUE;0,000137996450895856;651;2444;123;0,0503273322422259;0,188940092165899;"GO:0008324";"GO:MF";"cation transmembrane transporter activity";20183;2098;"Up"
"602";"query_1";TRUE;0,000154416161665949;2457;2312;358;0,154844290657439;0,145706145706146;"GO:0016787";"GO:MF";"hydrolase activity";20183;3754;"Up"
"603";"query_1";TRUE;0,000159607205514961;406;1842;69;0,0374592833876222;0,169950738916256;"GO:0032561";"GO:MF";"guanyl ribonucleotide binding";20183;5407;"Up"
"604";"query_1";TRUE;0,000159607205514961;406;1842;69;0,0374592833876222;0,169950738916256;"GO:0019001";"GO:MF";"guanyl nucleotide binding";20183;4439;"Up"
"605";"query_1";TRUE;0,000187399704903158;25;394;7;0,0177664974619289;0,28;"GO:0046961";"GO:MF";"proton-transporting ATPase activity, rotational mechanism";20183;7344;"Up"
"606";"query_1";TRUE;0,000187399704903158;25;394;7;0,0177664974619289;0,28;"GO:0044769";"GO:MF";"ATPase activity, coupled to transmembrane movement of ions, rotational mechanism";20183;7112;"Up"
"607";"query_1";TRUE;0,000187399704903158;25;394;7;0,0177664974619289;0,28;"GO:0042625";"GO:MF";"ATPase-coupled ion transmembrane transporter activity";20183;6664;"Up"
"608";"query_1";TRUE;0,000221140939908778;436;2444;89;0,0364157119476268;0,204128440366972;"GO:0046873";"GO:MF";"metal ion transmembrane transporter activity";20183;7319;"Up"
"609";"query_1";TRUE;0,000306181897768997;1234;2271;194;0,0854249229414355;0,157212317666126;"GO:0005215";"GO:MF";"transporter activity";20183;1710;"Up"
"610";"query_1";TRUE;0,000341443462575037;2336;1041;172;0,165225744476465;0,0736301369863014;"GO:0016740";"GO:MF";"transferase activity";20183;3712;"Up"
"611";"query_1";TRUE;0,000360094512591253;404;2397;82;0,034209428452232;0,202970297029703;"GO:0060090";"GO:MF";"molecular adaptor activity";20183;9571;"Up"
"612";"query_1";TRUE;0,000429871865499898;314;2524;70;0,0277337559429477;0,222929936305732;"GO:0044389";"GO:MF";"ubiquitin-like protein ligase binding";20183;7062;"Up"
"613";"query_1";TRUE;0,000438841592320998;28;394;7;0,0177664974619289;0,25;"GO:0009678";"GO:MF";"pyrophosphate hydrolysis-driven proton transmembrane transporter activity";20183;2715;"Up"
"614";"query_1";TRUE;0,000631429271232526;2105;2279;305;0,133830627468188;0,144893111638955;"GO:0042802";"GO:MF";"identical protein binding";20183;6679;"Up"
"615";"query_1";TRUE;0,000632514840525459;296;1684;50;0,0296912114014252;0,168918918918919;"GO:0031625";"GO:MF";"ubiquitin protein ligase binding";20183;5091;"Up"
"616";"query_1";TRUE;0,000759597227481513;84;1727;22;0,0127388535031847;0,261904761904762;"GO:0030165";"GO:MF";"PDZ domain binding";20183;4748;"Up"
"617";"query_1";TRUE;0,000850170734187498;411;1248;51;0,0408653846153846;0,124087591240876;"GO:0022804";"GO:MF";"active transmembrane transporter activity";20183;4651;"Up"
"618";"query_1";TRUE;0,000858703129244165;690;156;19;0,121794871794872;0,027536231884058;"GO:0019901";"GO:MF";"protein kinase binding";20183;4614;"Up"
"619";"query_1";TRUE;0,000919902283087609;391;2456;80;0,0325732899022801;0,20460358056266;"GO:0033218";"GO:MF";"amide binding";20183;5462;"Up"
"620";"query_1";TRUE;0,000923679120858994;379;2368;76;0,0320945945945946;0,200527704485488;"GO:0015631";"GO:MF";"tubulin binding";20183;3353;"Up"
"621";"query_1";TRUE;0,00111631337878165;771;156;20;0,128205128205128;0,0259403372243839;"GO:0019900";"GO:MF";"kinase binding";20183;4613;"Up"
"622";"query_1";TRUE;0,00124977001884518;115;2387;32;0,0134059488898199;0,278260869565217;"GO:0099094";"GO:MF";"ligand-gated cation channel activity";20183;10419;"Up"
"623";"query_1";TRUE;0,00125695211316841;263;1248;37;0,0296474358974359;0,140684410646388;"GO:0022853";"GO:MF";"active ion transmembrane transporter activity";20183;4677;"Up"
"624";"query_1";TRUE;0,00141527879984078;29;2526;14;0,00554235946159937;0,482758620689655;"GO:0005184";"GO:MF";"neuropeptide hormone activity";20183;1683;"Up"
"625";"query_1";TRUE;0,00162027344716622;1970;2499;309;0,123649459783914;0,156852791878173;"GO:0098772";"GO:MF";"molecular function regulator activity";20183;10399;"Up"
"626";"query_1";TRUE;0,00167750687969578;856;2457;149;0,0606430606430606;0,174065420560748;"GO:0015075";"GO:MF";"ion transmembrane transporter activity";20183;2905;"Up"
"627";"query_1";TRUE;0,00174188209510435;438;1166;50;0,0428816466552316;0,114155251141553;"GO:0004674";"GO:MF";"protein serine/threonine kinase activity";20183;1253;"Up"
"628";"query_1";TRUE;0,00209237687178161;689;2332;119;0,0510291595197256;0,172714078374456;"GO:0019904";"GO:MF";"protein domain specific binding";20183;4617;"Up"
"629";"query_1";TRUE;0,00229802861868731;586;1052;57;0,0541825095057034;0,0972696245733788;"GO:0004672";"GO:MF";"protein kinase activity";20183;1251;"Up"
"630";"query_1";TRUE;0,00232808086216719;123;772;17;0,022020725388601;0,138211382113821;"GO:0015078";"GO:MF";"proton transmembrane transporter activity";20183;2907;"Up"
"631";"query_1";TRUE;0,00249398196090076;1120;2271;174;0,0766182298546896;0,155357142857143;"GO:0022857";"GO:MF";"transmembrane transporter activity";20183;4681;"Up"
"632";"query_1";TRUE;0,00253580902129891;55;1081;13;0,0120259019426457;0,236363636363636;"GO:0019829";"GO:MF";"ATPase-coupled cation transmembrane transporter activity";20183;4583;"Up"
"633";"query_1";TRUE;0,00357667521138862;271;2131;53;0,0248709526044111;0,195571955719557;"GO:0008017";"GO:MF";"microtubule binding";20183;1928;"Up"
"634";"query_1";TRUE;0,00367609457541473;755;2375;129;0,0543157894736842;0,170860927152318;"GO:0016491";"GO:MF";"oxidoreductase activity";20183;3552;"Up"
"635";"query_1";TRUE;0,0038698167597453;45;1635;14;0,00856269113149847;0,311111111111111;"GO:0019894";"GO:MF";"kinesin binding";20183;4610;"Up"
"636";"query_1";TRUE;0,00470994430538538;82;864;14;0,0162037037037037;0,170731707317073;"GO:0051117";"GO:MF";"ATPase binding";20183;9105;"Up"
"637";"query_1";TRUE;0,0050150912177248;346;2444;70;0,0286415711947627;0,202312138728324;"GO:0022836";"GO:MF";"gated channel activity";20183;4666;"Up"
"638";"query_1";TRUE;0,00535489193428258;145;2387;36;0,0150816925010473;0,248275862068966;"GO:0015276";"GO:MF";"ligand-gated ion channel activity";20183;3074;"Up"
"639";"query_1";TRUE;0,00535489193428258;145;2387;36;0,0150816925010473;0,248275862068966;"GO:0022834";"GO:MF";"ligand-gated channel activity";20183;4664;"Up"
"640";"query_1";TRUE;0,0064901345993454;698;892;56;0,062780269058296;0,0802292263610315;"GO:0042803";"GO:MF";"protein homodimerization activity";20183;6680;"Up"
"641";"query_1";TRUE;0,00807588833153499;360;1383;47;0,0339840925524223;0,130555555555556;"GO:0106310";"GO:MF";"protein serine kinase activity";20183;11602;"Up"
"642";"query_1";TRUE;0,01337638469466;22;2074;10;0,00482160077145612;0,454545454545455;"GO:0031683";"GO:MF";"G-protein beta/gamma-subunit complex binding";20183;5098;"Up"
"643";"query_1";TRUE;0,0134134335203356;60;3;2;0,666666666666667;0,0333333333333333;"GO:0032934";"GO:MF";"sterol binding";20183;5431;"Up"
"644";"query_1";TRUE;0,0143566796021254;127;2526;33;0,0130641330166271;0,259842519685039;"GO:0005179";"GO:MF";"hormone activity";20183;1678;"Up"
"645";"query_1";TRUE;0,0147168451599647;446;1445;56;0,0387543252595156;0,125560538116592;"GO:0004712";"GO:MF";"protein serine/threonine/tyrosine kinase activity";20183;1282;"Up"
"646";"query_1";TRUE;0,0154150196661121;101;2379;27;0,0113493064312736;0,267326732673267;"GO:0042626";"GO:MF";"ATPase-coupled transmembrane transporter activity";20183;6665;"Up"
"647";"query_1";TRUE;0,0159898784424433;150;2420;36;0,0148760330578512;0,24;"GO:0015081";"GO:MF";"sodium ion transmembrane transporter activity";20183;2910;"Up"
"648";"query_1";TRUE;0,0164074445954575;88;1988;22;0,0110663983903421;0,25;"GO:0050660";"GO:MF";"flavin adenine dinucleotide binding";20183;9031;"Up"
"649";"query_1";TRUE;0,0168105878980683;1283;2338;195;0,083404619332763;0,151987529228371;"GO:0044877";"GO:MF";"protein-containing complex binding";20183;7118;"Up"
"650";"query_1";TRUE;0,0256581872871403;21;2366;10;0,00422654268808115;0,476190476190476;"GO:0019200";"GO:MF";"carbohydrate kinase activity";20183;4515;"Up"
"651";"query_1";TRUE;0,0304579808428082;162;84;6;0,0714285714285714;0,037037037037037;"GO:0005319";"GO:MF";"lipid transporter activity";20183;1777;"Up"
"652";"query_1";TRUE;0,0310554036944081;29;298;5;0,0167785234899329;0,172413793103448;"GO:0046875";"GO:MF";"ephrin receptor binding";20183;7320;"Up"
"653";"query_1";TRUE;0,0374624818312863;100;3;2;0,666666666666667;0,02;"GO:0005496";"GO:MF";"steroid binding";20183;1865;"Up"
"654";"query_1";TRUE;0,0384013135420506;314;2456;62;0,0252442996742671;0,197452229299363;"GO:0042277";"GO:MF";"peptide binding";20183;6607;"Up"
"655";"query_1";TRUE;0,041622391589053;108;503;11;0,0218687872763419;0,101851851851852;"GO:0000149";"GO:MF";"SNARE binding";20183;31;"Up"
"656";"query_1";TRUE;0,0416790205064345;161;2444;37;0,015139116202946;0,229813664596273;"GO:0015079";"GO:MF";"potassium ion transmembrane transporter activity";20183;2908;"Up"
"657";"query_1";TRUE;0,0427482430671853;34;1428;10;0,00700280112044818;0,294117647058824;"GO:0140677";"GO:MF";"molecular function activator activity";20183;11920;"Up"
"658";"query_1";TRUE;0,0435143765659364;65;2525;20;0,00792079207920792;0,307692307692308;"GO:0098960";"GO:MF";"postsynaptic neurotransmitter receptor activity";20183;10413;"Up"
"659";"query_1";TRUE;0,0307111176239359;73;32;4;0,125;0,0547945205479452;"KEGG:04721";"KEGG";"Synaptic vesicle cycle";7559;334;"Up"
"660";"query_1";TRUE;0,0460985513751391;74;35;4;0,114285714285714;0,0540540540540541;"KEGG:05212";"KEGG";"Pancreatic cancer";7559;445;"Up"
"661";"query_1";TRUE;0,00118008798750815;1736;810;149;0,183950617283951;0,0858294930875576;"MIRNA:hsa-miR-26b-5p";"MIRNA";"hsa-miR-26b-5p";13650;470;"Up"
"662";"query_1";TRUE;0,00510801451498321;120;14;4;0,285714285714286;0,0333333333333333;"MIRNA:hsa-miR-210-3p";"MIRNA";"hsa-miR-210-3p";13650;400;"Up"
"663";"query_1";TRUE;0,0358376048281464;16;350;5;0,0142857142857143;0,3125;"MIRNA:hsa-miR-6503-5p";"MIRNA";"hsa-miR-6503-5p";13650;1977;"Up"
"664";"query_1";TRUE;0,0358376048281464;16;350;5;0,0142857142857143;0,3125;"MIRNA:hsa-miR-4527";"MIRNA";"hsa-miR-4527";13650;1159;"Up"
"665";"query_1";TRUE;0,00160798800959004;24;103;5;0,0485436893203883;0,208333333333333;"REAC:R-HSA-191273";"REAC";"Cholesterol biosynthesis";10770;334;"Up"
"666";"query_1";TRUE;0,00870104640984186;2041;41;20;0,48780487804878;0,00979911807937286;"REAC:R-HSA-168256";"REAC";"Immune System";10770;1102;"Up"
"667";"query_1";TRUE;0,00942932759113491;54;466;11;0,0236051502145923;0,203703703703704;"REAC:R-HSA-5620924";"REAC";"Intraflagellar transport";10770;1198;"Up"
"668";"query_1";TRUE;0,0180229526187732;26;394;7;0,0177664974619289;0,269230769230769;"REAC:R-HSA-77387";"REAC";"Insulin receptor recycling";10770;1141;"Up"
"669";"query_1";TRUE;0,0200409524544426;23;30;3;0,1;0,130434782608696;"REAC:R-HSA-982772";"REAC";"Growth hormone receptor signaling";10770;1020;"Up"
"670";"query_1";TRUE;0,0213809719214231;57;394;10;0,0253807106598985;0,175438596491228;"REAC:R-HSA-917937";"REAC";"Iron uptake and transport";10770;1208;"Up"
"671";"query_1";TRUE;0,0429668765730743;7;418;4;0,00956937799043062;0,571428571428571;"REAC:R-HSA-444257";"REAC";"RSK activation";10770;1806;"Up"
"672";"query_1";TRUE;0,0467873459602113;26;35;3;0,0857142857142857;0,115384615384615;"REAC:R-HSA-5674400";"REAC";"Constitutive Signaling by AKT1 E17K in Cancer";10770;377;"Up"
"673";"query_1";TRUE;9,85663489400292e-35;15984;2293;2054;0,895769733972961;0,128503503503504;"TF:M12599_1";"TF";"Factor: E2F4; motif: YCCCGCCNCNNSSNNSNN; match class: 1";19958;1513;"Up"
"674";"query_1";TRUE;3,54556354178671e-31;10481;2281;1471;0,644892590968873;0,140349203320294;"TF:M00196";"TF";"Factor: Sp1; motif: NGGGGGCGGGGYN";19958;7848;"Up"
"675";"query_1";TRUE;1,07809745749573e-30;10526;2281;1474;0,646207803594914;0,140034201026031;"TF:M00931";"TF";"Factor: Sp1; motif: GGGGCGGGGC";19958;7850;"Up"
"676";"query_1";TRUE;3,65756849193227e-30;8615;2300;1264;0,549565217391304;0,146720835751596;"TF:M03807";"TF";"Factor: SP2; motif: GNNGGGGGCGGGGSN";19958;7874;"Up"
"677";"query_1";TRUE;1,94629577101343e-29;13892;2340;1870;0,799145299145299;0,134609847394184;"TF:M07039_1";"TF";"Factor: ETF; motif: CCCCGCCCCYN; match class: 1";19958;2163;"Up"
"678";"query_1";TRUE;3,03394979121761e-29;10671;2281;1484;0,650591845681719;0,139068503420485;"TF:M00932";"TF";"Factor: Sp1; motif: NNGGGGCGGGGNN";19958;7846;"Up"
"679";"query_1";TRUE;4,18147581549189e-29;10903;2281;1509;0,661551950898729;0,13840227460332;"TF:M07395";"TF";"Factor: Sp1; motif: NGGGGCGGGGN";19958;7842;"Up"
"680";"query_1";TRUE;5,51056861161142e-28;9915;2288;1398;0,611013986013986;0,140998487140696;"TF:M00933";"TF";"Factor: Sp1; motif: CCCCGCCCCN";19958;7840;"Up"
"681";"query_1";TRUE;8,68632930168722e-28;14381;2290;1876;0,819213973799127;0,130449899172519;"TF:M09636_1";"TF";"Factor: MAZ; motif: GGGMGGGGSSGGGGGGGGGGGG; match class: 1";19958;4985;"Up"
"682";"query_1";TRUE;2,95013851006031e-27;7480;1962;973;0,49592252803262;0,130080213903743;"TF:M12152";"TF";"Factor: Sp1; motif: NWRGCCACGCCCMCN";19958;7836;"Up"
"683";"query_1";TRUE;7,81770308267456e-27;16540;1963;1795;0,914416709118696;0,108524788391778;"TF:M10438";"TF";"Factor: ZF5; motif: GGSGCGCGS";19958;9216;"Up"
"684";"query_1";TRUE;1,70085000196947e-26;10203;2290;1425;0,622270742358079;0,139664804469274;"TF:M12173";"TF";"Factor: GKLF; motif: NNCCMCRCCCN";19958;4576;"Up"
"685";"query_1";TRUE;2,25856826316725e-26;5093;2267;807;0,355977062196736;0,158452778323189;"TF:M12173_1";"TF";"Factor: GKLF; motif: NNCCMCRCCCN; match class: 1";19958;4577;"Up"
"686";"query_1";TRUE;5,81541994028e-26;14243;1842;1514;0,821932681867535;0,106297830513235;"TF:M09894_1";"TF";"Factor: E2F-4; motif: SNGGGCGGGAANN; match class: 1";19958;1509;"Up"
"687";"query_1";TRUE;6,08325814792215e-26;15193;2359;2005;0,849936413734633;0,131968669782137;"TF:M10438_1";"TF";"Factor: ZF5; motif: GGSGCGCGS; match class: 1";19958;9217;"Up"
"688";"query_1";TRUE;1,39182115398138e-25;7423;2290;1098;0,479475982532751;0,147918631281153;"TF:M03920";"TF";"Factor: SP1; motif: RCCMCRCCCMC";19958;7822;"Up"
"689";"query_1";TRUE;3,96520998394904e-25;4489;2496;785;0,314503205128205;0,174871909111161;"TF:M12666_1";"TF";"Factor: SP1; motif: GGCCCCGCCCCCN; match class: 1";19958;7839;"Up"
"690";"query_1";TRUE;4,35484834406772e-25;9607;2288;1350;0,590034965034965;0,140522535651088;"TF:M02089_1";"TF";"Factor: E2F-3; motif: GGCGGGN; match class: 1";19958;1495;"Up"
"691";"query_1";TRUE;4,85805684401573e-25;7907;2267;1143;0,504190560211734;0,144555457189832;"TF:M09970";"TF";"Factor: KLF3; motif: NNNNNNGGGCGGGGCNNGN";19958;4562;"Up"
"692";"query_1";TRUE;1,8926212579669e-24;8869;2408;1321;0,54858803986711;0,148945766151765;"TF:M12666";"TF";"Factor: SP1; motif: GGCCCCGCCCCCN";19958;7838;"Up"
"693";"query_1";TRUE;2,08124404331734e-24;11088;2288;1513;0,661276223776224;0,136453823953824;"TF:M09973";"TF";"Factor: CPBP; motif: GNNRGGGHGGGGNNGGGRN";19958;942;"Up"
"694";"query_1";TRUE;5,48496663790062e-24;16505;2301;2077;0,902651021295089;0,125840654347168;"TF:M09894";"TF";"Factor: E2F-4; motif: SNGGGCGGGAANN";19958;1508;"Up"
"695";"query_1";TRUE;7,34636345976387e-24;13450;2288;1764;0,770979020979021;0,131152416356877;"TF:M02089";"TF";"Factor: E2F-3; motif: GGCGGGN";19958;1494;"Up"
"696";"query_1";TRUE;9,24585861478374e-24;6529;2343;1001;0,427230046948357;0,153315974881299;"TF:M07395_1";"TF";"Factor: Sp1; motif: NGGGGCGGGGN; match class: 1";19958;7843;"Up"
"697";"query_1";TRUE;9,867193585816e-24;4047;2397;693;0,289111389236546;0,17123795404003;"TF:M01588_1";"TF";"Factor: GKLF; motif: GCCMCRCCCNNN; match class: 1";19958;3155;"Up"
"698";"query_1";TRUE;1,74664694760601e-23;14790;1688;1427;0,845379146919431;0,0964841108857336;"TF:M11529_1";"TF";"Factor: E2F-2; motif: GCGCGCGCNCS; match class: 1";19958;1467;"Up"
"699";"query_1";TRUE;2,26721634103508e-23;16660;2434;2205;0,905916187345933;0,132352941176471;"TF:M07039";"TF";"Factor: ETF; motif: CCCCGCCCCYN";19958;2162;"Up"
"700";"query_1";TRUE;2,48486503555301e-23;8698;2290;1238;0,54061135371179;0,142331570475971;"TF:M07277";"TF";"Factor: BTEB2; motif: RGGGNGKGGN";19958;622;"Up"
"701";"query_1";TRUE;5,30778312783535e-23;7877;2290;1140;0,497816593886463;0,144725149168465;"TF:M03567";"TF";"Factor: Sp2; motif: NYSGCCCCGCCCCCY";19958;7872;"Up"
"702";"query_1";TRUE;6,29077613846184e-23;7880;2290;1140;0,497816593886463;0,144670050761421;"TF:M10435";"TF";"Factor: Sp2; motif: GGGGCGGGG";19958;7864;"Up"
"703";"query_1";TRUE;1,69685250448195e-22;9344;2357;1343;0,569792108612643;0,143728595890411;"TF:M01783";"TF";"Factor: SP2; motif: GGGCGGGAC";19958;7852;"Up"
"704";"query_1";TRUE;2,11766428704105e-22;17475;2305;2163;0,938394793926247;0,123776824034335;"TF:M12599";"TF";"Factor: E2F4; motif: YCCCGCCNCNNSSNNSNN";19958;1512;"Up"
"705";"query_1";TRUE;2,23456141931005e-22;7633;2290;1108;0,483842794759825;0,145159177256649;"TF:M09765";"TF";"Factor: SP1; motif: NRGKGGGCGGGGCN";19958;7828;"Up"
"706";"query_1";TRUE;2,31471680012454e-22;6212;2290;936;0,408733624454148;0,150676110753381;"TF:M00932_1";"TF";"Factor: Sp1; motif: NNGGGGCGGGGNN; match class: 1";19958;7847;"Up"
"707";"query_1";TRUE;3,10635239793342e-22;10283;2279;1408;0,617814831066257;0,136925021880774;"TF:M00008";"TF";"Factor: Sp1; motif: GGGGCGGGGT";19958;7816;"Up"
"708";"query_1";TRUE;4,25644382755792e-22;6317;1853;790;0,426335671883432;0,125059363621972;"TF:M12153";"TF";"Factor: Sp3; motif: NGCCACGCCCMCN";19958;7878;"Up"
"709";"query_1";TRUE;6,51321773773624e-22;6075;2290;917;0,400436681222707;0,150946502057613;"TF:M00931_1";"TF";"Factor: Sp1; motif: GGGGCGGGGC; match class: 1";19958;7851;"Up"
"710";"query_1";TRUE;6,57318176295809e-22;3718;2438;649;0,266201804757998;0,174556213017751;"TF:M03567_1";"TF";"Factor: Sp2; motif: NYSGCCCCGCCCCCY; match class: 1";19958;7873;"Up"
"711";"query_1";TRUE;6,72828000514973e-22;16540;2305;2077;0,901084598698482;0,125574365175333;"TF:M09636";"TF";"Factor: MAZ; motif: GGGMGGGGSSGGGGGGGGGGGG";19958;4984;"Up"
"712";"query_1";TRUE;8,82826639438886e-22;15295;2358;1999;0,847752332485157;0,130696305982347;"TF:M08526_1";"TF";"Factor: E2F-3:HES-7; motif: NNNSGCGCSNNNNNCRCGYGNN; match class: 1";19958;1481;"Up"
"713";"query_1";TRUE;9,07729046060922e-22;6966;1851;852;0,460291734197731;0,122308354866494;"TF:M12151";"TF";"Factor: Sp1; motif: NWRGCCMCGCCCMCN";19958;7834;"Up"
"714";"query_1";TRUE;9,15200674679843e-22;14426;2278;1848;0,811237928007024;0,128102037986968;"TF:M00716_1";"TF";"Factor: ZF5; motif: GSGCGCGR; match class: 1";19958;9213;"Up"
"715";"query_1";TRUE;1,79575969797015e-21;14862;1743;1469;0,842799770510614;0,0988426860449469;"TF:M07206";"TF";"Factor: E2F-1; motif: NGGGCGGGARV";19958;1436;"Up"
"716";"query_1";TRUE;3,08205303012756e-21;9979;2408;1439;0,597591362126246;0,144202825934462;"TF:M02036";"TF";"Factor: WT1; motif: CGCCCCCNCN";19958;8978;"Up"
"717";"query_1";TRUE;3,09506871343455e-21;16569;1965;1783;0,907379134860051;0,107610598104895;"TF:M11529";"TF";"Factor: E2F-2; motif: GCGCGCGCNCS";19958;1466;"Up"
"718";"query_1";TRUE;4,30217235159246e-21;14464;2291;1859;0,811436054124836;0,128525995575221;"TF:M00986";"TF";"Factor: Churchill; motif: CGGGNN";19958;832;"Up"
"719";"query_1";TRUE;4,52514824869517e-21;3413;2401;595;0,247813411078717;0,174333430999121;"TF:M09765_1";"TF";"Factor: SP1; motif: NRGKGGGCGGGGCN; match class: 1";19958;7829;"Up"
"720";"query_1";TRUE;7,58209210883839e-21;12962;2338;1734;0,741659538066724;0,13377565190557;"TF:M12160";"TF";"Factor: KLF15; motif: RCCMCRCCCMCN";19958;4542;"Up"
"721";"query_1";TRUE;7,82408378393595e-21;10760;2311;1473;0,637386412808308;0,136895910780669;"TF:M10072";"TF";"Factor: sp4; motif: NNGNARGRGGCGGRGCNNRR";19958;7888;"Up"
"722";"query_1";TRUE;9,11048894316379e-21;6150;2357;944;0,400509121764955;0,15349593495935;"TF:M03922";"TF";"Factor: SP4; motif: NWRGCCACGCCCMCTYN";19958;7886;"Up"
"723";"query_1";TRUE;1,09554464641764e-20;8212;2513;1269;0,504974134500597;0,154529956161715;"TF:M12160_1";"TF";"Factor: KLF15; motif: RCCMCRCCCMCN; match class: 1";19958;4543;"Up"
"724";"query_1";TRUE;1,403359824234e-20;15511;1963;1694;0,862964849719817;0,109212816710721;"TF:M04826_1";"TF";"Factor: p300; motif: ACNTCCG; match class: 1";19958;1937;"Up"
"725";"query_1";TRUE;2,22951823507675e-20;9296;1689;984;0,58259325044405;0,105851979345955;"TF:M12186";"TF";"Factor: BTEB4; motif: NCCACGCCCM";19958;4552;"Up"
"726";"query_1";TRUE;2,39183465347339e-20;6084;2332;925;0,396655231560892;0,152038132807364;"TF:M00196_1";"TF";"Factor: Sp1; motif: NGGGGGCGGGGYN; match class: 1";19958;7849;"Up"
"727";"query_1";TRUE;2,42396466127912e-20;6966;2290;1018;0,444541484716157;0,146138386448464;"TF:M07615";"TF";"Factor: Sp3; motif: GGGGCGGGGSNN";19958;7884;"Up"
"728";"query_1";TRUE;2,72761807615495e-20;16412;1963;1766;0,899643402954661;0,107604192054594;"TF:M00716";"TF";"Factor: ZF5; motif: GSGCGCGR";19958;9212;"Up"
"729";"query_1";TRUE;3,18533986105856e-20;9100;2008;1128;0,561752988047809;0,123956043956044;"TF:M01588";"TF";"Factor: GKLF; motif: GCCMCRCCCNNN";19958;3154;"Up"
"730";"query_1";TRUE;3,61722125380966e-20;10229;2357;1435;0,608824777259228;0,140287418124939;"TF:M09723";"TF";"Factor: BTEB1; motif: GGGGGCGGGGCNGSGGGNGS";19958;610;"Up"
"731";"query_1";TRUE;5,63939773583516e-20;10609;2289;1439;0,62865880297073;0,135639551324347;"TF:M00986_1";"TF";"Factor: Churchill; motif: CGGGNN; match class: 1";19958;833;"Up"
"732";"query_1";TRUE;6,37777336286178e-20;12581;2271;1643;0,723469837076178;0,130593752483904;"TF:M12351";"TF";"Factor: TIEG1; motif: NCCCNSNCCCCGCCCCC";19958;8774;"Up"
"733";"query_1";TRUE;6,40421726739112e-20;4053;1650;498;0,301818181818182;0,122871946706144;"TF:M12186_1";"TF";"Factor: BTEB4; motif: NCCACGCCCM; match class: 1";19958;4553;"Up"
"734";"query_1";TRUE;8,35203429082934e-20;5073;2290;782;0,341484716157205;0,154149418490045;"TF:M00008_1";"TF";"Factor: Sp1; motif: GGGGCGGGGT; match class: 1";19958;7817;"Up"
"735";"query_1";TRUE;1,00709949108171e-19;8475;2290;1194;0,521397379912664;0,140884955752212;"TF:M03893";"TF";"Factor: WT1; motif: GNGGGGGCGGGG";19958;8980;"Up"
"736";"query_1";TRUE;1,07153770856415e-19;4319;2489;735;0,295299316994777;0,170178282009724;"TF:M03807_1";"TF";"Factor: SP2; motif: GNNGGGGGCGGGGSN; match class: 1";19958;7875;"Up"
"737";"query_1";TRUE;1,16716368188778e-19;17138;2305;2125;0,921908893709328;0,123993464815031;"TF:M08526";"TF";"Factor: E2F-3:HES-7; motif: NNNSGCGCSNNNNNCRCGYGNN";19958;1480;"Up"
"738";"query_1";TRUE;2,36780314519933e-19;3376;2298;562;0,244560487380331;0,166469194312796;"TF:M01273";"TF";"Factor: SP4; motif: SCCCCGCCCCS";19958;7894;"Up"
"739";"query_1";TRUE;2,73337288823619e-19;8412;2300;1189;0,51695652173913;0,141345696623871;"TF:M12351_1";"TF";"Factor: TIEG1; motif: NCCCNSNCCCCGCCCCC; match class: 1";19958;8775;"Up"
"740";"query_1";TRUE;3,87879642535885e-19;4282;2310;683;0,295670995670996;0,15950490425035;"TF:M07277_1";"TF";"Factor: BTEB2; motif: RGGGNGKGGN; match class: 1";19958;623;"Up"
"741";"query_1";TRUE;4,25441036228517e-19;5315;2290;809;0,353275109170306;0,152210724365005;"TF:M07409";"TF";"Factor: BTEB2; motif: GCCCCRCCCH";19958;4582;"Up"
"742";"query_1";TRUE;4,49623533479975e-19;5316;2489;869;0,349136199276818;0,16346877351392;"TF:M00933_1";"TF";"Factor: Sp1; motif: CCCCGCCCCN; match class: 1";19958;7841;"Up"
"743";"query_1";TRUE;5,22146333219031e-19;4118;2314;662;0,286084701815039;0,160757649344342;"TF:M09967";"TF";"Factor: AP-2rep; motif: NGGGGCGGGGC";19958;148;"Up"
"744";"query_1";TRUE;6,76223233973561e-19;3879;2411;652;0,270427208627126;0,168084557875741;"TF:M09970_1";"TF";"Factor: KLF3; motif: NNNNNNGGGCGGGGCNNGN; match class: 1";19958;4563;"Up"
"745";"query_1";TRUE;8,17897082173844e-19;11733;2288;1557;0,680506993006993;0,132702633597545;"TF:M09826";"TF";"Factor: BTEB3; motif: CCNNSCCNSCCCCKCCCCC";19958;624;"Up"
"746";"query_1";TRUE;1,15864039014173e-18;3106;2402;542;0,225645295587011;0,174500965872505;"TF:M03920_1";"TF";"Factor: SP1; motif: RCCMCRCCCMC; match class: 1";19958;7823;"Up"
"747";"query_1";TRUE;1,68015423091684e-18;10905;2358;1505;0,638252756573367;0,138010087116002;"TF:M12158";"TF";"Factor: KLF15; motif: NCCMCGCCCMCN";19958;4538;"Up"
"748";"query_1";TRUE;2,35307022681785e-18;6413;2310;948;0,41038961038961;0,147824731015126;"TF:M10072_1";"TF";"Factor: sp4; motif: NNGNARGRGGCGGRGCNNRR; match class: 1";19958;7889;"Up"
"749";"query_1";TRUE;2,69770837710434e-18;13453;1938;1489;0,768317853457172;0,110681632349662;"TF:M11603_1";"TF";"Factor: TCF-1; motif: ACATCGRGRCGCTGW; match class: 1";19958;8403;"Up"
"750";"query_1";TRUE;2,79444662651107e-18;5439;2347;838;0,357051555176821;0,154072439786725;"TF:M02036_1";"TF";"Factor: WT1; motif: CGCCCCCNCN; match class: 1";19958;8979;"Up"
"751";"query_1";TRUE;3,67796274562106e-18;8460;2290;1184;0,51703056768559;0,139952718676123;"TF:M07226";"TF";"Factor: SP1; motif: NCCCCKCCCCC";19958;7826;"Up"
"752";"query_1";TRUE;4,48765517851608e-18;8705;2357;1244;0,527789563003818;0,14290637564618;"TF:M10071";"TF";"Factor: Sp1; motif: NGGGGGCGGGGCCNGGGGGGGG";19958;7830;"Up"
"753";"query_1";TRUE;5,70149115150702e-18;6402;2311;945;0,40891389009087;0,147610121836926;"TF:M07063";"TF";"Factor: Sp1; motif: GGGGCGGGGC";19958;7844;"Up"
"754";"query_1";TRUE;6,12816879259725e-18;6992;2448;1070;0,437091503267974;0,153032036613272;"TF:M12183";"TF";"Factor: KLF14; motif: NRCCACRCCCMCN";19958;4530;"Up"
"755";"query_1";TRUE;8,14760469018079e-18;3614;2408;610;0,253322259136213;0,168788046485888;"TF:M10435_1";"TF";"Factor: Sp2; motif: GGGGCGGGG; match class: 1";19958;7865;"Up"
"756";"query_1";TRUE;8,15796492212423e-18;4449;2438;731;0,299835931091058;0,164306585749607;"TF:M01783_1";"TF";"Factor: SP2; motif: GGGCGGGAC; match class: 1";19958;7853;"Up"
"757";"query_1";TRUE;1,11233510994692e-17;8090;2290;1138;0,496943231441048;0,140667490729295;"TF:M01303";"TF";"Factor: SP1; motif: GGGGYGGGGNS";19958;7818;"Up"
"758";"query_1";TRUE;1,15276944597404e-17;14733;2276;1860;0,817223198594025;0,1262472001629;"TF:M08205";"TF";"Factor: E2F-1:Elk-1; motif: SGCGCSNNAMCGGAAGT";19958;1426;"Up"
"759";"query_1";TRUE;1,36257993642212e-17;2618;2438;474;0,19442165709598;0,181054239877769;"TF:M07063_1";"TF";"Factor: Sp1; motif: GGGGCGGGGC; match class: 1";19958;7845;"Up"
"760";"query_1";TRUE;2,04773750891534e-17;8392;2290;1172;0,5117903930131;0,139656816015253;"TF:M10530";"TF";"Factor: sp4; motif: NNNGCYCCGCCCCCY";19958;7890;"Up"
"761";"query_1";TRUE;2,29964833754402e-17;4697;2310;728;0,315151515151515;0,154992548435171;"TF:M09969";"TF";"Factor: EKLF; motif: NGGGYGKGGCNNGG";19958;1684;"Up"
"762";"query_1";TRUE;2,59622610881214e-17;2936;2487;527;0,211901889827101;0,17949591280654;"TF:M12152_1";"TF";"Factor: Sp1; motif: NWRGCCACGCCCMCN; match class: 1";19958;7837;"Up"
"763";"query_1";TRUE;3,91444872795302e-17;15699;2305;1978;0,858134490238612;0,12599528632397;"TF:M04934_1";"TF";"Factor: TR4; motif: ACCCCGS; match class: 1";19958;5937;"Up"
"764";"query_1";TRUE;8,18152732587218e-17;6416;2357;957;0,406024607551973;0,149158354114713;"TF:M07129";"TF";"Factor: Sp2; motif: GYCCCGCCYCYNNNN";19958;7860;"Up"
"765";"query_1";TRUE;9,51583149467635e-17;11501;1868;1261;0,675053533190578;0,109642639770455;"TF:M04869";"TF";"Factor: Egr-1; motif: GCGCATGCG";19958;1606;"Up"
"766";"query_1";TRUE;9,9181507760011e-17;9922;2283;1341;0,587385019710907;0,135154202781697;"TF:M12725";"TF";"Factor: PHB; motif: NCCCAGCCCCY";19958;6532;"Up"
"767";"query_1";TRUE;1,19638552602322e-16;15572;2301;1960;0,85180356366797;0,125866940662728;"TF:M08525_1";"TF";"Factor: E2F-1:HES-7; motif: GGCRCGTGSYNNWNGGCGCSM; match class: 1";19958;1431;"Up"
"768";"query_1";TRUE;1,62704189193917e-16;4013;2290;631;0,275545851528384;0,157238973336656;"TF:M07226_1";"TF";"Factor: SP1; motif: NCCCCKCCCCC; match class: 1";19958;7827;"Up"
"769";"query_1";TRUE;1,89316219971857e-16;2985;2343;505;0,215535638070849;0,169179229480737;"TF:M07615_1";"TF";"Factor: Sp3; motif: GGGGCGGGGSNN; match class: 1";19958;7885;"Up"
"770";"query_1";TRUE;3,23562731591254e-16;6131;2357;918;0,389478150190921;0,149730875876692;"TF:M09723_1";"TF";"Factor: BTEB1; motif: GGGGGCGGGGCNGSGGGNGS; match class: 1";19958;611;"Up"
"771";"query_1";TRUE;3,27089574656145e-16;5699;2519;915;0,36323938070663;0,160554483242674;"TF:M12158_1";"TF";"Factor: KLF15; motif: NCCMCGCCCMCN; match class: 1";19958;4539;"Up"
"772";"query_1";TRUE;3,97162137195564e-16;3438;2524;601;0,23811410459588;0,174810936591041;"TF:M03914";"TF";"Factor: KLF16; motif: GMCACGCCCCC";19958;4548;"Up"
"773";"query_1";TRUE;4,15936473937533e-16;14921;2527;2068;0,818361693707954;0,13859660880638;"TF:M07289";"TF";"Factor: GKLF; motif: NNNRGGNGNGGSN";19958;3160;"Up"
"774";"query_1";TRUE;5,73456105557727e-16;4734;2408;752;0,312292358803987;0,158850866075201;"TF:M10071_1";"TF";"Factor: Sp1; motif: NGGGGGCGGGGCCNGGGGGGGG; match class: 1";19958;7831;"Up"
"775";"query_1";TRUE;5,85109507219964e-16;14321;2300;1828;0,794782608695652;0,127644717547657;"TF:M12597";"TF";"Factor: E2F1; motif: GSGCGGGAAN";19958;1442;"Up"
"776";"query_1";TRUE;6,34245789500945e-16;17389;2343;2170;0,926163038839095;0,124791534878371;"TF:M08525";"TF";"Factor: E2F-1:HES-7; motif: GGCRCGTGSYNNWNGGCGCSM";19958;1430;"Up"
"777";"query_1";TRUE;7,13596946847472e-16;15372;2278;1918;0,841966637401229;0,124772313296903;"TF:M00333";"TF";"Factor: ZF5; motif: NRNGNGCGCGCWN";19958;9224;"Up"
"778";"query_1";TRUE;8,923888625442e-16;2497;2500;458;0,1832;0,18342010412495;"TF:M07129_1";"TF";"Factor: Sp2; motif: GYCCCGCCYCYNNNN; match class: 1";19958;7861;"Up"
"779";"query_1";TRUE;1,35016729263421e-15;7694;2343;1102;0,470337174562527;0,143228489732259;"TF:M09826_1";"TF";"Factor: BTEB3; motif: CCNNSCCNSCCCCKCCCCC; match class: 1";19958;625;"Up"
"780";"query_1";TRUE;1,96443088578062e-15;8853;2293;1216;0,530309638028783;0,137354569072631;"TF:M04953";"TF";"Factor: Sp1; motif: GGNDGGRGGCGGGG";19958;7824;"Up"
"781";"query_1";TRUE;2,13425141910435e-15;4083;2416;664;0,274834437086093;0,162625520450649;"TF:M03893_1";"TF";"Factor: WT1; motif: GNGGGGGCGGGG; match class: 1";19958;8981;"Up"
"782";"query_1";TRUE;2,16820020727565e-15;13281;1744;1323;0,758600917431193;0,0996159927716286;"TF:M07380";"TF";"Factor: E2F-4; motif: NTTTCSCGCC";19958;1514;"Up"
"783";"query_1";TRUE;3,46687111787174e-15;15759;1833;1587;0,865793780687398;0,100704359413668;"TF:M08207_1";"TF";"Factor: E2F-3:TBR2; motif: ANGTGYKANGGCGCSTTNNCRNNT; match class: 1";19958;1475;"Up"
"784";"query_1";TRUE;5,33167106564648e-15;10489;2473;1502;0,607359482410028;0,143197635618267;"TF:M04869_1";"TF";"Factor: Egr-1; motif: GCGCATGCG; match class: 1";19958;1607;"Up"
"785";"query_1";TRUE;6,14257055853068e-15;6607;2285;944;0,413129102844639;0,142878764946269;"TF:M02281";"TF";"Factor: SP1; motif: CCCCKCCCCC";19958;7820;"Up"
"786";"query_1";TRUE;9,61945051328179e-15;1428;1637;212;0,129505192425168;0,148459383753501;"TF:M09967_1";"TF";"Factor: AP-2rep; motif: NGGGGCGGGGC; match class: 1";19958;149;"Up"
"787";"query_1";TRUE;1,02628622739474e-14;3683;2519;628;0,249305279872965;0,170513168612544;"TF:M12157";"TF";"Factor: KLF15; motif: RCCACGCCCCCC";19958;4536;"Up"
"788";"query_1";TRUE;1,20771055462414e-14;13475;1723;1320;0,766105629715612;0,0979591836734694;"TF:M00803";"TF";"Factor: E2F; motif: GGCGSG";19958;1546;"Up"
"789";"query_1";TRUE;1,27263508323059e-14;2554;2438;452;0,185397867104184;0,176977290524667;"TF:M12183_1";"TF";"Factor: KLF14; motif: NRCCACRCCCMCN; match class: 1";19958;4531;"Up"
"790";"query_1";TRUE;1,5042512862802e-14;1891;1932;296;0,153209109730849;0,156530936012692;"TF:M07409_1";"TF";"Factor: BTEB2; motif: GCCCCRCCCH; match class: 1";19958;4583;"Up"
"791";"query_1";TRUE;1,81069367169002e-14;4957;1958;647;0,330439223697651;0,130522493443615;"TF:M04744_1";"TF";"Factor: ATF-3; motif: GGCGCSSNSNGRTSACGTSA; match class: 1";19958;297;"Up"
"792";"query_1";TRUE;1,8318294458796e-14;12937;2300;1673;0,727391304347826;0,129319007497874;"TF:M07040";"TF";"Factor: GKLF; motif: NNRRGRRNGNSNNN";19958;3158;"Up"
"793";"query_1";TRUE;1,87305920098063e-14;13570;2405;1816;0,755093555093555;0,13382461311717;"TF:M11531";"TF";"Factor: E2F-2; motif: GCGCGCGCGYW";19958;1470;"Up"
"794";"query_1";TRUE;1,96922422736805e-14;6788;2288;964;0,421328671328671;0,142015321154979;"TF:M09973_1";"TF";"Factor: CPBP; motif: GNNRGGGHGGGGNNGGGRN; match class: 1";19958;943;"Up"
"795";"query_1";TRUE;2,44089858380335e-14;5407;2357;816;0,346202800169707;0,15091547993342;"TF:M09658";"TF";"Factor: Sp2; motif: GGSNNGGGGGCGGGGCCNGNGS";19958;7862;"Up"
"796";"query_1";TRUE;2,71964303875471e-14;3886;2287;603;0,263664188893747;0,155172413793103;"TF:M10530_1";"TF";"Factor: sp4; motif: NNNGCYCCGCCCCCY; match class: 1";19958;7891;"Up"
"797";"query_1";TRUE;2,76057438295038e-14;1537;2402;297;0,123646960865945;0,193233571893299;"TF:M09969_1";"TF";"Factor: EKLF; motif: NGGGYGKGGCNNGG; match class: 1";19958;1685;"Up"
"798";"query_1";TRUE;2,79422176650381e-14;1981;2496;374;0,149839743589744;0,18879353861686;"TF:M12153_1";"TF";"Factor: Sp3; motif: NGCCACGCCCMCN; match class: 1";19958;7879;"Up"
"799";"query_1";TRUE;3,55322070303998e-14;7524;2450;1117;0,455918367346939;0,14845826687932;"TF:M07486_1";"TF";"Factor: ZNF300; motif: SWGGGGGSN; match class: 1";19958;9891;"Up"
"800";"query_1";TRUE;3,8393111744707e-14;1046;2408;221;0,0917774086378738;0,211281070745698;"TF:M01273_1";"TF";"Factor: SP4; motif: SCCCCGCCCCS; match class: 1";19958;7895;"Up"
"801";"query_1";TRUE;4,10461343682175e-14;3614;2287;567;0,24792304328815;0,156889872717211;"TF:M00982_1";"TF";"Factor: KROX; motif: CCCGCCCCCRCCCC; match class: 1";19958;4605;"Up"
"802";"query_1";TRUE;4,14429236112914e-14;10802;2288;1428;0,624125874125874;0,132197741159045;"TF:M07289_1";"TF";"Factor: GKLF; motif: NNNRGGNGNGGSN; match class: 1";19958;3161;"Up"
"803";"query_1";TRUE;4,6401454302428e-14;2611;2473;463;0,187221997573797;0,177326694752968;"TF:M12151_1";"TF";"Factor: Sp1; motif: NWRGCCMCGCCCMCN; match class: 1";19958;7835;"Up"
"804";"query_1";TRUE;6,84458651159084e-14;9362;2482;1361;0,548348106365834;0,145374919888913;"TF:M01857";"TF";"Factor: AP-2alpha; motif: NGCCYSNNGSN";19958;134;"Up"
"805";"query_1";TRUE;7,55516764140725e-14;10221;1961;1181;0,602243753187149;0,11554642402896;"TF:M04744";"TF";"Factor: ATF-3; motif: GGCGCSSNSNGRTSACGTSA";19958;296;"Up"
"806";"query_1";TRUE;8,23051095795755e-14;3685;2440;607;0,248770491803279;0,16472184531886;"TF:M07617";"TF";"Factor: Sp4; motif: SCCCCKCCCCCSN";19958;7892;"Up"
"807";"query_1";TRUE;1,04694665186717e-13;7997;2448;1173;0,479166666666667;0,146680005001876;"TF:M00982";"TF";"Factor: KROX; motif: CCCGCCCCCRCCCC";19958;4604;"Up"
"808";"query_1";TRUE;1,07488249026143e-13;5628;1790;661;0,36927374301676;0,117448471926084;"TF:M09971";"TF";"Factor: GKLF; motif: WGGGYGKGGC";19958;3156;"Up"
"809";"query_1";TRUE;1,57076131427069e-13;3624;2290;566;0,247161572052402;0,156181015452539;"TF:M01303_1";"TF";"Factor: SP1; motif: GGGGYGGGGNS; match class: 1";19958;7819;"Up"
"810";"query_1";TRUE;2,10371689631044e-13;5233;2482;825;0,332393231265109;0,157653353716797;"TF:M04797";"TF";"Factor: Egr-1; motif: CCGCCCMCG";19958;1604;"Up"
"811";"query_1";TRUE;2,13391800515554e-13;11108;1729;1125;0,650665124349335;0,101278357940223;"TF:M07206_1";"TF";"Factor: E2F-1; motif: NGGGCGGGARV; match class: 1";19958;1437;"Up"
"812";"query_1";TRUE;2,51756747258583e-13;12977;1681;1245;0,740630577037478;0,0959389689450566;"TF:M08441_1";"TF";"Factor: AP-2gamma:Elk-1; motif: NGCCKNRGGSGRCGGAAGTG; match class: 1";19958;8581;"Up"
"813";"query_1";TRUE;2,82416116046915e-13;4474;2285;672;0,294091903719912;0,150201162270899;"TF:M12725_1";"TF";"Factor: PHB; motif: NCCCAGCCCCY; match class: 1";19958;6533;"Up"
"814";"query_1";TRUE;2,97254923125072e-13;8607;2288;1172;0,512237762237762;0,13616823515743;"TF:M10026";"TF";"Factor: PATZ; motif: GGGGNGGGGGMKGGRRNGGNRN";19958;6310;"Up"
"815";"query_1";TRUE;3,95681419815274e-13;11299;1962;1281;0,652905198776758;0,113372864855297;"TF:M11601_1";"TF";"Factor: TCF-1; motif: ACATCGRGRCGCTGW; match class: 1";19958;8399;"Up"
"816";"query_1";TRUE;4,33123600530417e-13;2118;2500;390;0,156;0,18413597733711;"TF:M09658_1";"TF";"Factor: Sp2; motif: GGSNNGGGGGCGGGGCCNGNGS; match class: 1";19958;7863;"Up"
"817";"query_1";TRUE;4,44546341969791e-13;8338;2289;1140;0,498034076015727;0,136723434876469;"TF:M07040_1";"TF";"Factor: GKLF; motif: NNRRGRRNGNSNNN; match class: 1";19958;3159;"Up"
"818";"query_1";TRUE;4,9108604344029e-13;13501;2203;1657;0,752156150703586;0,122731649507444;"TF:M01240_1";"TF";"Factor: BEN; motif: CAGCGRNV; match class: 1";19958;501;"Up"
"819";"query_1";TRUE;5,02052491166049e-13;15770;2305;1967;0,853362255965293;0,124730500951173;"TF:M11882";"TF";"Factor: pax-6; motif: NYACGCNYSANYGMNCN";19958;6404;"Up"
"820";"query_1";TRUE;7,16770747200315e-13;12692;1923;1384;0,719708788351534;0,109045067759218;"TF:M00333_1";"TF";"Factor: ZF5; motif: NRNGNGCGCGCWN; match class: 1";19958;9225;"Up"
"821";"query_1";TRUE;1,33715310306901e-12;14881;1960;1605;0,818877551020408;0,107855654861904;"TF:M11530";"TF";"Factor: E2F-2; motif: NWTTTGGCGCCAWWNN";19958;1468;"Up"
"822";"query_1";TRUE;1,41138562014172e-12;7280;1595;733;0,459561128526646;0,100686813186813;"TF:M08208_1";"TF";"Factor: E2F-3:FOXI1; motif: NGACACCGCGCCCAC; match class: 1";19958;1477;"Up"
"823";"query_1";TRUE;1,62228841580053e-12;8083;2192;1064;0,485401459854015;0,131634294197699;"TF:M07354";"TF";"Factor: Egr-1; motif: GCGGGGGCGG";19958;1628;"Up"
"824";"query_1";TRUE;1,97464047199031e-12;17325;1623;1507;0,92852741836106;0,086984126984127;"TF:M08207";"TF";"Factor: E2F-3:TBR2; motif: ANGTGYKANGGCGCSTTNNCRNNT";19958;1474;"Up"
"825";"query_1";TRUE;2,75769520884123e-12;10849;2468;1526;0,618314424635332;0,140658125172827;"TF:M00189";"TF";"Factor: AP-2; motif: MKCCCSCNGGCG";19958;154;"Up"
"826";"query_1";TRUE;3,09047748034324e-12;2212;2522;403;0,15979381443299;0,182188065099458;"TF:M03922_1";"TF";"Factor: SP4; motif: NWRGCCACGCCCMCTYN; match class: 1";19958;7887;"Up"
"827";"query_1";TRUE;3,43547518047058e-12;2360;2401;408;0,169929196168263;0,172881355932203;"TF:M10115_1";"TF";"Factor: LRF; motif: NRGGGKCKY; match class: 1";19958;9179;"Up"
"828";"query_1";TRUE;3,63876703897714e-12;12623;2448;1724;0,704248366013072;0,136576091261982;"TF:M11531_1";"TF";"Factor: E2F-2; motif: GCGCGCGCGYW; match class: 1";19958;1471;"Up"
"829";"query_1";TRUE;4,10407070515576e-12;6414;1832;743;0,40556768558952;0,115840349236046;"TF:M09734_1";"TF";"Factor: ZNF692; motif: SYNGGSCCCASCCNC; match class: 1";19958;11001;"Up"
"830";"query_1";TRUE;8,58794327388583e-12;4430;1077;348;0,323119777158774;0,0785553047404063;"TF:M12156";"TF";"Factor: Sp2; motif: NTAAGYCCCGCCCMCTN";19958;7868;"Up"
"831";"query_1";TRUE;8,84018958291193e-12;10253;2190;1298;0,592694063926941;0,1265970935336;"TF:M08867";"TF";"Factor: AP2; motif: GCCYGSGGSN";19958;152;"Up"
"832";"query_1";TRUE;1,15828504471644e-11;13814;1743;1347;0,772805507745267;0,097509772694368;"TF:M09892";"TF";"Factor: E2F-1; motif: NNNNGGCGGGAARN";19958;1438;"Up"
"833";"query_1";TRUE;1,16785709831368e-11;7100;2310;993;0,42987012987013;0,139859154929577;"TF:M09834";"TF";"Factor: ZNF148; motif: NNNNNNCCNNCCCCTCCCCCACCCN";19958;9494;"Up"
"834";"query_1";TRUE;1,52051601609956e-11;18067;977;946;0,968270214943705;0,0523606575524437;"TF:M04826";"TF";"Factor: p300; motif: ACNTCCG";19958;1936;"Up"
"835";"query_1";TRUE;1,56104062461191e-11;9417;2489;1356;0,544797107271997;0,143994902835298;"TF:M09972";"TF";"Factor: BTEB2; motif: WGGGTGKGGCNGGN";19958;614;"Up"
"836";"query_1";TRUE;1,7003048591932e-11;6972;2522;1057;0,419111816019033;0,151606425702811;"TF:M07329";"TF";"Factor: Osx; motif: CCNCCCCCNNN";19958;6210;"Up"
"837";"query_1";TRUE;1,84119969329966e-11;6968;2524;1057;0,41877971473851;0,151693455797933;"TF:M01219";"TF";"Factor: SP1:SP3; motif: CCSCCCCCYCC";19958;7814;"Up"
"838";"query_1";TRUE;1,95407727965517e-11;14113;1687;1328;0,787196206283343;0,0940976404733225;"TF:M12591";"TF";"Factor: CREB1; motif: NNNNSSGGCGCSSNNNNRTGACGTCAC";19958;984;"Up"
"839";"query_1";TRUE;2,01817451673988e-11;9494;1699;961;0,565626839317245;0,101221824310091;"TF:M12591_1";"TF";"Factor: CREB1; motif: NNNNSSGGCGCSSNNNNRTGACGTCAC; match class: 1";19958;985;"Up"
"840";"query_1";TRUE;2,32870123548724e-11;9801;2287;1297;0,567118495846087;0,132333435363738;"TF:M00915";"TF";"Factor: AP-2; motif: SNNNCCNCAGGCN";19958;156;"Up"
"841";"query_1";TRUE;2,3583168224449e-11;9311;1867;1030;0,551687198714515;0,110621845129417;"TF:M03876_1";"TF";"Factor: Kaiso; motif: GCMGGGRGCRGS; match class: 1";19958;4517;"Up"
"842";"query_1";TRUE;2,59776311859785e-11;6522;1714;706;0,411901983663944;0,108249003373198;"TF:M12592";"TF";"Factor: CREM; motif: NRTGACGYMA";19958;1088;"Up"
"843";"query_1";TRUE;2,69524141377198e-11;4967;1628;538;0,33046683046683;0,108314878196094;"TF:M12165";"TF";"Factor: BTEB2; motif: NCCACRCCCN";19958;618;"Up"
"844";"query_1";TRUE;2,89030506051062e-11;13716;1834;1403;0,764994547437296;0,102289297171187;"TF:M11530_1";"TF";"Factor: E2F-2; motif: NWTTTGGCGCCAWWNN; match class: 1";19958;1469;"Up"
"845";"query_1";TRUE;2,89608403197884e-11;6580;2464;983;0,398944805194805;0,149392097264438;"TF:M12508";"TF";"Factor: EGR1; motif: NNMCGCCCACGCNN";19958;1626;"Up"
"846";"query_1";TRUE;3,11957682127686e-11;7289;2290;1005;0,438864628820961;0,137878995747016;"TF:M07397";"TF";"Factor: ZBP89; motif: CCCCKCCCCCNN";19958;9064;"Up"
"847";"query_1";TRUE;4,19217554823283e-11;12953;2285;1645;0,719912472647702;0,126997606732031;"TF:M07486";"TF";"Factor: ZNF300; motif: SWGGGGGSN";19958;9890;"Up"
"848";"query_1";TRUE;5,9658337341467e-11;16779;1956;1756;0,897750511247444;0,10465462780857;"TF:M01240";"TF";"Factor: BEN; motif: CAGCGRNV";19958;500;"Up"
"849";"query_1";TRUE;7,80100531400165e-11;10790;2279;1401;0,614743308468627;0,129842446709917;"TF:M12722";"TF";"Factor: ZXDL; motif: GSGSCNNGGGMRGCNCCGGGS";19958;11640;"Up"
"850";"query_1";TRUE;8,36251291238272e-11;7726;2489;1137;0,4568099638409;0,147165415480197;"TF:M10115";"TF";"Factor: LRF; motif: NRGGGKCKY";19958;9178;"Up"
"851";"query_1";TRUE;8,809535951306e-11;5798;2338;838;0,358426005132592;0,144532597447396;"TF:M01104_1";"TF";"Factor: MOVO-B; motif: GNGGGGG; match class: 1";19958;5231;"Up"
"852";"query_1";TRUE;9,18929855107076e-11;13892;2510;1907;0,759760956175299;0,137273250791823;"TF:M03876";"TF";"Factor: Kaiso; motif: GCMGGGRGCRGS";19958;4516;"Up"
"853";"query_1";TRUE;1,38815994916436e-10;8056;1597;787;0,492798998121478;0,0976911618669315;"TF:M05499";"TF";"Factor: LKLF; motif: NGGGCGG";19958;4756;"Up"
"854";"query_1";TRUE;1,38815994916436e-10;8056;1597;787;0,492798998121478;0,0976911618669315;"TF:M05386";"TF";"Factor: KLF17; motif: NGGGCGG";19958;4554;"Up"
"855";"query_1";TRUE;1,60980538001214e-10;5964;2522;917;0,363600317208565;0,153755868544601;"TF:M12313";"TF";"Factor: ZNF460; motif: NNACNCCCCCCNN";19958;10332;"Up"
"856";"query_1";TRUE;1,61584242326314e-10;5738;2348;832;0,354344122657581;0,144998257232485;"TF:M12354_1";"TF";"Factor: ZNF37A; motif: CCYYGGCTCCNTSCCMN; match class: 1";19958;10087;"Up"
"857";"query_1";TRUE;1,77664417407903e-10;10674;2444;1479;0,605155482815057;0,138560989319843;"TF:M08205_1";"TF";"Factor: E2F-1:Elk-1; motif: SGCGCSNNAMCGGAAGT; match class: 1";19958;1427;"Up"
"858";"query_1";TRUE;2,84098249172575e-10;9498;2057;1138;0,553232863393291;0,119814697831122;"TF:M10432";"TF";"Factor: MAZ; motif: GGGMGGGGS";19958;4988;"Up"
"859";"query_1";TRUE;2,8589101140538e-10;7658;2340;1063;0,454273504273504;0,138809088534866;"TF:M08878";"TF";"Factor: EGR; motif: CGCCCCCGCNN";19958;1668;"Up"
"860";"query_1";TRUE;2,97517488546573e-10;4287;1651;477;0,288915808600848;0,111266620013996;"TF:M07034";"TF";"Factor: ATF-1; motif: NNNTGACGTNNN";19958;272;"Up"
"861";"query_1";TRUE;4,3528875604911e-10;8353;558;319;0,57168458781362;0,0381898719023105;"TF:M11434";"TF";"Factor: Elk-1; motif: NRSCGGAAGNN";19958;1850;"Up"
"862";"query_1";TRUE;5,49781415324851e-10;7595;2527;1130;0,447170557973882;0,148782093482554;"TF:M01858";"TF";"Factor: AP-2beta; motif: GCNNNGGSCNGVGGGN";19958;136;"Up"
"863";"query_1";TRUE;7,65502882294418e-10;2801;1947;384;0,197226502311248;0,137093895037487;"TF:M11217";"TF";"Factor: CREB1; motif: NRTGACGYN";19958;968;"Up"
"864";"query_1";TRUE;9,46377103293362e-10;7289;1962;865;0,440876656472987;0,11867197146385;"TF:M02023";"TF";"Factor: MAZ; motif: NKGGGAGGGGRGGR";19958;4996;"Up"
"865";"query_1";TRUE;1,04104293233491e-09;5297;913;340;0,372398685651698;0,0641872758164999;"TF:M00177";"TF";"Factor: CREB; motif: NSTGACGTAANN";19958;1066;"Up"
"866";"query_1";TRUE;1,08681509780668e-09;2961;1940;400;0,206185567010309;0,135089496791624;"TF:M12148";"TF";"Factor: SP8; motif: NCCACGCCCMCN";19958;7908;"Up"
"867";"query_1";TRUE;1,27619585560352e-09;3915;1707;452;0,264792032806093;0,115453384418902;"TF:M03921";"TF";"Factor: SP3; motif: NCCACGCCCMC";19958;7876;"Up"
"868";"query_1";TRUE;1,32388437524431e-09;16212;2519;2174;0,863040889241763;0,134098198865038;"TF:M11018_1";"TF";"Factor: IRX-1; motif: NACRYNNNNNNNNRYGNN; match class: 1";19958;4367;"Up"
"869";"query_1";TRUE;1,66214592712936e-09;2146;2178;337;0,154729109274564;0,157036346691519;"TF:M09868_1";"TF";"Factor: ATF-3; motif: GGTSACGTGAN; match class: 1";19958;299;"Up"
"870";"query_1";TRUE;1,67053470375666e-09;5313;1578;544;0,344740177439797;0,102390363259928;"TF:M00178";"TF";"Factor: CREB; motif: NSTGACGTMANN";19958;1072;"Up"
"871";"query_1";TRUE;1,79677650624747e-09;10487;2050;1230;0,6;0,117288070944979;"TF:M01104";"TF";"Factor: MOVO-B; motif: GNGGGGG";19958;5230;"Up"
"872";"query_1";TRUE;2,28178691717526e-09;5295;2465;803;0,325760649087221;0,151652502360718;"TF:M09761";"TF";"Factor: EGR1; motif: NGNGKGGGYGGNGS";19958;1618;"Up"
"873";"query_1";TRUE;3,04655912149454e-09;2946;1650;346;0,20969696969697;0,11744738628649;"TF:M00981_1";"TF";"Factor: CREB,; motif: NTGACGTNA; match class: 1";19958;1055;"Up"
"874";"query_1";TRUE;3,27381507181772e-09;4712;2489;731;0,29369224588188;0,155135823429542;"TF:M01857_1";"TF";"Factor: AP-2alpha; motif: NGCCYSNNGSN; match class: 1";19958;135;"Up"
"875";"query_1";TRUE;3,34882829873029e-09;4318;1650;474;0,287272727272727;0,109773043075498;"TF:M07248";"TF";"Factor: CREB1; motif: NNNNTGACGTNANNN";19958;986;"Up"
"876";"query_1";TRUE;3,37050880116066e-09;5371;1726;592;0,342989571263036;0,110221560230869;"TF:M09600";"TF";"Factor: CREB1; motif: TKACGTCAYNN";19958;958;"Up"
"877";"query_1";TRUE;3,45284500283531e-09;7040;2142;905;0,42250233426704;0,128551136363636;"TF:M10529";"TF";"Factor: Sp1; motif: RGGGMGGRGSNGGGG";19958;7832;"Up"
"878";"query_1";TRUE;3,5162233470704e-09;6010;1726;651;0,377172653534183;0,108319467554077;"TF:M09887";"TF";"Factor: CREB1; motif: NRRTGACGTMA";19958;964;"Up"
"879";"query_1";TRUE;4,08203229820796e-09;12411;2428;1666;0,686161449752883;0,134235758601241;"TF:M08523";"TF";"Factor: E2F-1:TBR2; motif: NGGTGNNANGGCGCNNTNNCRNNN";19958;1428;"Up"
"880";"query_1";TRUE;4,79685993486262e-09;835;2488;175;0,0703376205787781;0,209580838323353;"TF:M12157_1";"TF";"Factor: KLF15; motif: RCCACGCCCCCC; match class: 1";19958;4537;"Up"
"881";"query_1";TRUE;5,19273919437851e-09;4046;1650;448;0,271515151515152;0,110726643598616;"TF:M07312";"TF";"Factor: ATF-2; motif: NNTGACGTCAN";19958;294;"Up"
"882";"query_1";TRUE;5,31255206800471e-09;5670;1978;698;0,352881698685541;0,12310405643739;"TF:M05327";"TF";"Factor: WT1; motif: NGCGGGGGGGTSMMCYN";19958;8970;"Up"
"883";"query_1";TRUE;5,64836102337498e-09;4146;1650;457;0,276969696969697;0,110226724553787;"TF:M03544";"TF";"Factor: CREB1; motif: NNNNACGTCANN";19958;988;"Up"
"884";"query_1";TRUE;6,3694524157926e-09;8815;2464;1250;0,507305194805195;0,141803743618832;"TF:M05439";"TF";"Factor: RREB-1; motif: GGGWCSA";19958;7334;"Up"
"885";"query_1";TRUE;6,74531035980472e-09;8385;1832;911;0,497270742358079;0,108646392367323;"TF:M09739";"TF";"Factor: ZGPAT; motif: GRGGCWGNGGNG";19958;9332;"Up"
"886";"query_1";TRUE;7,1606652617039e-09;1158;2397;219;0,0913642052565707;0,189119170984456;"TF:M12404";"TF";"Factor: KLF15; motif: NCCCCGCCCCN";19958;4544;"Up"
"887";"query_1";TRUE;7,71918681317754e-09;6463;1961;774;0,394696583375829;0,119758626025066;"TF:M09868";"TF";"Factor: ATF-3; motif: GGTSACGTGAN";19958;298;"Up"
"888";"query_1";TRUE;8,16412675116636e-09;6390;1668;663;0,397482014388489;0,103755868544601;"TF:M01820";"TF";"Factor: CREM; motif: TGACGTCASYN";19958;1090;"Up"
"889";"query_1";TRUE;8,5079020765048e-09;6131;1668;640;0,383693045563549;0,104387538737563;"TF:M00179";"TF";"Factor: ATF2; motif: VGTGACGTMACN";19958;1060;"Up"
"890";"query_1";TRUE;9,10567968686215e-09;5735;2310;808;0,34978354978355;0,140889276373147;"TF:M04918";"TF";"Factor: Egr-1; motif: ACCGCCC";19958;1608;"Up"
"891";"query_1";TRUE;9,10739664720826e-09;8750;1189;637;0,535744322960471;0,0728;"TF:M05361";"TF";"Factor: Sp6; motif: WGGGCGG";19958;7900;"Up"
"892";"query_1";TRUE;9,10739664720826e-09;8750;1189;637;0,535744322960471;0,0728;"TF:M05332";"TF";"Factor: Sp2; motif: WGGGCGG";19958;7856;"Up"
"893";"query_1";TRUE;9,10739664720826e-09;8750;1189;637;0,535744322960471;0,0728;"TF:M05444";"TF";"Factor: CPBP; motif: NGGGCGG";19958;940;"Up"
"894";"query_1";TRUE;9,47234217173805e-09;10869;2505;1525;0,608782435129741;0,140307295979391;"TF:M12694";"TF";"Factor: ZFP14; motif: SCNNYCCNGNNSCTSCNC";19958;9234;"Up"
"895";"query_1";TRUE;9,66792456113385e-09;15082;2451;1987;0,810689514483884;0,131746452725103;"TF:M11601";"TF";"Factor: TCF-1; motif: ACATCGRGRCGCTGW";19958;8398;"Up"
"896";"query_1";TRUE;1,04978825398778e-08;9859;1651;950;0,575408843125379;0,096358657064611;"TF:M08313_1";"TF";"Factor: GCMa:PEA3; motif: ATRCGGGCGGAAGTR; match class: 1";19958;3039;"Up"
"897";"query_1";TRUE;1,07315421335776e-08;12806;1593;1147;0,720025109855618;0,0895673902858035;"TF:M08208";"TF";"Factor: E2F-3:FOXI1; motif: NGACACCGCGCCCAC";19958;1476;"Up"
"898";"query_1";TRUE;1,12856984409797e-08;16612;1858;1648;0,88697524219591;0,0992053936913075;"TF:M08441";"TF";"Factor: AP-2gamma:Elk-1; motif: NGCCKNRGGSGRCGGAAGTG";19958;8580;"Up"
"899";"query_1";TRUE;1,27752969095575e-08;7305;1706;757;0,443728018757327;0,10362765229295;"TF:M00017";"TF";"Factor: ATF; motif: CNSTGACGTNNNYC";19958;368;"Up"
"900";"query_1";TRUE;1,39904669769632e-08;3198;679;178;0,262150220913108;0,0556597873671044;"TF:M03983";"TF";"Factor: ETV5; motif: NCCGGAWGYN";19958;2300;"Up"
"901";"query_1";TRUE;1,47046960687511e-08;6368;1712;675;0,394275700934579;0,105998743718593;"TF:M01861";"TF";"Factor: ATF-1; motif: TNACGTCAN";19958;276;"Up"
"902";"query_1";TRUE;1,55056335631737e-08;13457;1733;1294;0,7466820542412;0,0961581333135171;"TF:M00144";"TF";"Factor: Pax-5; motif: RRMSWGANWYCTNRAGCGKRACSRYNSM";19958;6378;"Up"
"903";"query_1";TRUE;1,58221061468329e-08;4713;1830;554;0,302732240437158;0,117547209845109;"TF:M09729_1";"TF";"Factor: LUMAN; motif: CYCAGCYYCY; match class: 1";19958;4821;"Up"
"904";"query_1";TRUE;1,59852255386404e-08;8881;2453;1250;0,509580105992662;0,140749915550051;"TF:M10112";"TF";"Factor: Miz-1; motif: NNRGGWGGGGGAGGGGMRR";19958;5192;"Up"
"905";"query_1";TRUE;1,61214712400086e-08;3177;2150;456;0,212093023255814;0,143531633616619;"TF:M09866";"TF";"Factor: ATF-1; motif: NNRTGACGYMA";19958;270;"Up"
"906";"query_1";TRUE;1,70254296390346e-08;6880;2310;945;0,409090909090909;0,137354651162791;"TF:M01873";"TF";"Factor: Egr-1; motif: GCGGGGGCGG";19958;1630;"Up"
"907";"query_1";TRUE;1,85414497286437e-08;13615;2500;1852;0,7408;0,136026441424899;"TF:M04515";"TF";"Factor: E2F-1; motif: WWTGGCGCCAAA";19958;1432;"Up"
"908";"query_1";TRUE;1,9315071390775e-08;10448;1684;1015;0,602731591448931;0,0971477794793262;"TF:M00803_1";"TF";"Factor: E2F; motif: GGCGSG; match class: 1";19958;1547;"Up"
"909";"query_1";TRUE;1,9383582831904e-08;12939;1809;1303;0,720287451630735;0,100703300100471;"TF:M00646";"TF";"Factor: LF-A1; motif: GGGSTCWR";19958;4664;"Up"
"910";"query_1";TRUE;2,07963683622034e-08;10693;2479;1486;0,599435256151674;0,138969419246236;"TF:M00257";"TF";"Factor: RREB-1; motif: CCCCAAACMMCCCC";19958;7328;"Up"
"911";"query_1";TRUE;2,32791809043246e-08;8729;2305;1161;0,503687635574837;0,133004926108374;"TF:M04863_1";"TF";"Factor: TF3C-beta; motif: CCNGGAGGGCTTCCTGGAGGAG; match class: 1";19958;3295;"Up"
"912";"query_1";TRUE;2,4000301003405e-08;5509;2485;830;0,334004024144869;0,15066255218733;"TF:M12140";"TF";"Factor: Egr-1; motif: NNCRCCCMCGCNN";19958;1624;"Up"
"913";"query_1";TRUE;2,64449086898801e-08;7013;2290;952;0,415720524017467;0,135747896763154;"TF:M12464";"TF";"Factor: ZNF148; motif: NNCCCCTCCCCC";19958;9496;"Up"
"914";"query_1";TRUE;2,81055148753239e-08;2273;695;140;0,201438848920863;0,0615926088869336;"TF:M00017_1";"TF";"Factor: ATF; motif: CNSTGACGTNNNYC; match class: 1";19958;369;"Up"
"915";"query_1";TRUE;2,81837130580714e-08;4273;2271;614;0,2703654777631;0,143692955768781;"TF:M09862_1";"TF";"Factor: ZNF614; motif: NCYCWGCCYYNNN; match class: 1";19958;10787;"Up"
"916";"query_1";TRUE;2,89154930426448e-08;13849;2437;1833;0,752154288059089;0,132356126796159;"TF:M04863";"TF";"Factor: TF3C-beta; motif: CCNGGAGGGCTTCCTGGAGGAG";19958;3294;"Up"
"917";"query_1";TRUE;2,90776925010811e-08;11921;2298;1521;0,661879895561358;0,127589967284624;"TF:M09734";"TF";"Factor: ZNF692; motif: SYNGGSCCCASCCNC";19958;11000;"Up"
"918";"query_1";TRUE;3,18658380141967e-08;8453;1686;846;0,501779359430605;0,100082810836389;"TF:M00981";"TF";"Factor: CREB,; motif: NTGACGTNA";19958;1054;"Up"
"919";"query_1";TRUE;3,43161995410716e-08;13024;1735;1258;0,72507204610951;0,0965909090909091;"TF:M04823";"TF";"Factor: E2F-4; motif: NNTTCCCGCCNN";19958;1504;"Up"
"920";"query_1";TRUE;3,54113313482139e-08;10659;1730;1057;0,610982658959538;0,0991650248616193;"TF:M00695";"TF";"Factor: ETF; motif: GVGGMGG";19958;2160;"Up"
"921";"query_1";TRUE;3,54399953953471e-08;4484;2201;622;0,282598818718764;0,13871543264942;"TF:M10432_1";"TF";"Factor: MAZ; motif: GGGMGGGGS; match class: 1";19958;4989;"Up"
"922";"query_1";TRUE;3,61545156398673e-08;2095;2178;324;0,148760330578512;0,154653937947494;"TF:M12592_1";"TF";"Factor: CREM; motif: NRTGACGYMA; match class: 1";19958;1089;"Up"
"923";"query_1";TRUE;4,46093927310965e-08;16608;2451;2152;0,878008975928193;0,129576107899807;"TF:M11603";"TF";"Factor: TCF-1; motif: ACATCGRGRCGCTGW";19958;8402;"Up"
"924";"query_1";TRUE;6,19745111662895e-08;9612;2428;1323;0,544892915980231;0,137640449438202;"TF:M00470";"TF";"Factor: AP-2gamma; motif: GCCYNNGGS";19958;138;"Up"
"925";"query_1";TRUE;6,77118422304176e-08;5488;2465;818;0,33184584178499;0,149052478134111;"TF:M01972";"TF";"Factor: EGR-1; motif: TGCGTGGGCGK";19958;1600;"Up"
"926";"query_1";TRUE;6,79665641603647e-08;8314;1494;745;0,498661311914324;0,0896078903055088;"TF:M03852";"TF";"Factor: SREBP-2; motif: NTCACCYNNNN";19958;8010;"Up"
"927";"query_1";TRUE;6,97365843013036e-08;5947;1677;621;0,370304114490161;0,104422397847654;"TF:M00916";"TF";"Factor: CREB; motif: NNTKACGTCANNNS";19958;1068;"Up"
"928";"query_1";TRUE;7,96561591490761e-08;17241;2293;2079;0,906672481465329;0,120584652862363;"TF:M11018";"TF";"Factor: IRX-1; motif: NACRYNNNNNNNNRYGNN";19958;4366;"Up"
"929";"query_1";TRUE;8,07160840442675e-08;6446;1759;694;0,394542353610006;0,10766366739063;"TF:M00646_1";"TF";"Factor: LF-A1; motif: GGGSTCWR; match class: 1";19958;4665;"Up"
"930";"query_1";TRUE;8,30796082944276e-08;4474;1625;474;0,291692307692308;0,105945462673223;"TF:M09592";"TF";"Factor: ATF-1; motif: NRTGACGTMAN";19958;268;"Up"
"931";"query_1";TRUE;9,06564379449285e-08;4035;2279;583;0,255813953488372;0,144485749690211;"TF:M09972_1";"TF";"Factor: BTEB2; motif: WGGGTGKGGCNGGN; match class: 1";19958;615;"Up"
"932";"query_1";TRUE;1,01085162661991e-07;1915;695;122;0,175539568345324;0,0637075718015666;"TF:M01861_1";"TF";"Factor: ATF-1; motif: TNACGTCAN; match class: 1";19958;277;"Up"
"933";"query_1";TRUE;1,0140553667244e-07;9317;2482;1312;0,528605962933118;0,140817859826124;"TF:M08911";"TF";"Factor: CTCF; motif: NCCRSTAGGGGGCGC";19958;1138;"Up"
"934";"query_1";TRUE;1,02674902651258e-07;5625;1651;583;0,353119321623259;0,103644444444444;"TF:M00917";"TF";"Factor: CREB; motif: CNNTGACGTMA";19958;1074;"Up"
"935";"query_1";TRUE;1,05528238587346e-07;1720;654;108;0,165137614678899;0,0627906976744186;"TF:M00916_1";"TF";"Factor: CREB; motif: NNTKACGTCANNNS; match class: 1";19958;1069;"Up"
"936";"query_1";TRUE;1,07055426017527e-07;6321;2046;781;0,381720430107527;0,123556399303908;"TF:M07208";"TF";"Factor: EGR1; motif: NCNCCGCCCCCGCN";19958;1612;"Up"
"937";"query_1";TRUE;1,16745442419633e-07;9534;2267;1230;0,542567269519188;0,12901195720579;"TF:M09862";"TF";"Factor: ZNF614; motif: NCYCWGCCYYNNN";19958;10786;"Up"
"938";"query_1";TRUE;1,19904246902927e-07;3755;2278;547;0,240122914837577;0,145672436750999;"TF:M07354_1";"TF";"Factor: Egr-1; motif: GCGGGGGCGG; match class: 1";19958;1629;"Up"
"939";"query_1";TRUE;1,20194222228926e-07;2837;2004;386;0,192614770459082;0,136059217483257;"TF:M12642";"TF";"Factor: NFYA; motif: NNRGCCAATSRGMRSSNNSN";19958;5730;"Up"
"940";"query_1";TRUE;1,50998060474174e-07;11694;1922;1259;0,655046826222685;0,107662048913973;"TF:M04710_1";"TF";"Factor: CHD2; motif: TCTCGCGAG; match class: 1";19958;835;"Up"
"941";"query_1";TRUE;1,75940628147297e-07;14332;905;733;0,809944751381215;0,0511442924923249;"TF:M04710";"TF";"Factor: CHD2; motif: TCTCGCGAG";19958;834;"Up"
"942";"query_1";TRUE;1,98065743069985e-07;5284;1651;551;0,33373712901272;0,104277062831188;"TF:M00039";"TF";"Factor: CREB; motif: TGACGTMA";19958;1062;"Up"
"943";"query_1";TRUE;2,09044321974986e-07;5294;2524;806;0,319334389857369;0,152247827729505;"TF:M08867_1";"TF";"Factor: AP2; motif: GCCYGSGGSN; match class: 1";19958;153;"Up"
"944";"query_1";TRUE;2,09218679950363e-07;6675;1676;682;0,406921241050119;0,102172284644195;"TF:M00114";"TF";"Factor: Tax/CREB; motif: GGGGGTTGACGYANA";19958;8190;"Up"
"945";"query_1";TRUE;2,38332500044537e-07;11693;2305;1493;0,647722342733189;0,127683229282477;"TF:M11882_1";"TF";"Factor: pax-6; motif: NYACGCNYSANYGMNCN; match class: 1";19958;6405;"Up"
"946";"query_1";TRUE;2,39658734195733e-07;11292;2508;1568;0,625199362041467;0,138859369465108;"TF:M12227";"TF";"Factor: ZIC4; motif: NNCCNCCCRYNGYGN";19958;9360;"Up"
"947";"query_1";TRUE;2,54511609268973e-07;5663;973;367;0,377183967112025;0,0648066395903232;"TF:M08457_1";"TF";"Factor: ER71:SREBP-2; motif: NTSACGTGACGGAARY; match class: 1";19958;2243;"Up"
"948";"query_1";TRUE;2,63438600574226e-07;14970;2279;1832;0,803861342694164;0,122378089512358;"TF:M00378_1";"TF";"Factor: Pax-4; motif: NNNNNYCACCCB; match class: 1";19958;6351;"Up"
"949";"query_1";TRUE;2,70061956499863e-07;1612;654;102;0,155963302752294;0,0632754342431762;"TF:M00917_1";"TF";"Factor: CREB; motif: CNNTGACGTMA; match class: 1";19958;1075;"Up"
"950";"query_1";TRUE;2,99292720802381e-07;9763;2308;1274;0,551993067590988;0,130492676431425;"TF:M09984";"TF";"Factor: MAZ; motif: GGGGGAGGGGGNGRGRRRGNRG";19958;4986;"Up"
"951";"query_1";TRUE;3,00831894312481e-07;6819;1962;800;0,407747196738022;0,117319255022731;"TF:M11482";"TF";"Factor: AP-2gamma; motif: NSCCYNNRGSN";19958;8604;"Up"
"952";"query_1";TRUE;3,02985288075606e-07;2422;2521;408;0,161840539468465;0,168455821635012;"TF:M12149";"TF";"Factor: SP9; motif: RCCACGCCCMCY";19958;7912;"Up"
"953";"query_1";TRUE;3,09664534570839e-07;4175;2453;637;0,259682022013861;0,152574850299401;"TF:M04953_1";"TF";"Factor: Sp1; motif: GGNDGGRGGCGGGG; match class: 1";19958;7825;"Up"
"954";"query_1";TRUE;3,10977601764992e-07;3851;1947;485;0,249101181304571;0,12594131394443;"TF:M00338";"TF";"Factor: ATF; motif: NTGACGTCANYS";19958;370;"Up"
"955";"query_1";TRUE;3,13730317196838e-07;10063;1992;1140;0,572289156626506;0,113286296333101;"TF:M01865";"TF";"Factor: BTEB3; motif: BNRNGGGAGGNGT";19958;634;"Up"
"956";"query_1";TRUE;3,15759487278257e-07;8051;2513;1162;0,462395543175487;0,144329896907216;"TF:M00450_1";"TF";"Factor: Zic3; motif: NGGGKGGTC; match class: 1";19958;9347;"Up"
"957";"query_1";TRUE;3,21966806252093e-07;7950;1453;695;0,478320715760496;0,0874213836477987;"TF:M08209_1";"TF";"Factor: E2F-3:FOXO6; motif: NAATGACACGCGCCCMC; match class: 1";19958;1479;"Up"
"958";"query_1";TRUE;3,56043020778574e-07;3279;1582;354;0,223767383059418;0,107959743824337;"TF:M01862";"TF";"Factor: ATF-2; motif: NNNTGACGTNAN";19958;292;"Up"
"959";"query_1";TRUE;3,94309745928996e-07;2575;2131;372;0,174565931487565;0,144466019417476;"TF:M07329_1";"TF";"Factor: Osx; motif: CCNCCCCCNNN; match class: 1";19958;6211;"Up"
"960";"query_1";TRUE;4,00160316376923e-07;3219;2438;505;0,207136997538966;0,156881018949984;"TF:M01858_1";"TF";"Factor: AP-2beta; motif: GCNNNGGSCNGVGGGN; match class: 1";19958;137;"Up"
"961";"query_1";TRUE;4,62581707169293e-07;14585;2465;1930;0,782961460446247;0,13232773397326;"TF:M08266";"TF";"Factor: ER71:Pax-5; motif: ACCGGAACYACGCWTSANTG";19958;2232;"Up"
"962";"query_1";TRUE;5,0108262796992e-07;11659;2209;1428;0,646446355817112;0,122480487177288;"TF:M12231";"TF";"Factor: LRF; motif: NCGACCACCGN";19958;9182;"Up"
"963";"query_1";TRUE;5,16251801700496e-07;12248;2426;1630;0,671887881286068;0,133082952318746;"TF:M03978";"TF";"Factor: ETS1; motif: GCCGGAWGTACTTCCGGN";19958;2166;"Up"
"964";"query_1";TRUE;5,32691905255873e-07;2517;2527;421;0,166600712307084;0,167262614223282;"TF:M12147";"TF";"Factor: SP8; motif: RNCACGCCCMCN";19958;7906;"Up"
"965";"query_1";TRUE;5,62183102283621e-07;7723;2288;1025;0,44798951048951;0,132720445422763;"TF:M01100";"TF";"Factor: LRF; motif: GGGGKYNNB";19958;4790;"Up"
"966";"query_1";TRUE;6,31506987008059e-07;2698;1958;359;0,183350357507661;0,133061527057079;"TF:M02105";"TF";"Factor: NF-E4; motif: CHCCCTCKCCWG";19958;5666;"Up"
"967";"query_1";TRUE;6,39480065735482e-07;2124;2519;363;0,14410480349345;0,17090395480226;"TF:M12180";"TF";"Factor: BTEB3; motif: NRCCACGCCCMCN";19958;628;"Up"
"968";"query_1";TRUE;6,71021386038891e-07;13701;2403;1782;0,741573033707865;0,13006349901467;"TF:M11883";"TF";"Factor: pax-6; motif: NYACGCNTSRNYGCNYN";19958;6406;"Up"
"969";"query_1";TRUE;7,2338463175468e-07;5767;558;230;0,412186379928315;0,039882087740593;"TF:M12601";"TF";"Factor: ELF4; motif: NCCACTTCCGGNNNN";19958;1780;"Up"
"970";"query_1";TRUE;7,41861795569377e-07;7169;1965;834;0,424427480916031;0,116334216766634;"TF:M02066";"TF";"Factor: PEA3; motif: RCCGGAAGYN";19958;6496;"Up"
"971";"query_1";TRUE;8,11538851891056e-07;12441;1868;1288;0,689507494646681;0,103528655252793;"TF:M04515_1";"TF";"Factor: E2F-1; motif: WWTGGCGCCAAA; match class: 1";19958;1433;"Up"
"972";"query_1";TRUE;8,27680517552247e-07;4844;2233;664;0,297357814599194;0,137076796036334;"TF:M09738_1";"TF";"Factor: ZNF511; motif: GGRRGRGGCWGNG; match class: 1";19958;10437;"Up"
"973";"query_1";TRUE;8,64851823705772e-07;731;2482;150;0,0604351329572925;0,205198358413133;"TF:M03914_1";"TF";"Factor: KLF16; motif: GMCACGCCCCC; match class: 1";19958;4549;"Up"
"974";"query_1";TRUE;9,0167919587992e-07;2808;2287;423;0,184958460865763;0,150641025641026;"TF:M01778";"TF";"Factor: PLAG1; motif: GRGGCNNHNNNRRGGG";19958;6628;"Up"
"975";"query_1";TRUE;1,00104078891324e-06;2220;2521;376;0,149147163823879;0,169369369369369;"TF:M12154";"TF";"Factor: Sp3; motif: NGCCACGCCCMCN";19958;7880;"Up"
"976";"query_1";TRUE;1,0700740112178e-06;13301;2444;1763;0,721358428805237;0,132546425080821;"TF:M11880";"TF";"Factor: pax-6; motif: NYACGCWTSANYGMNCN";19958;6400;"Up"
"977";"query_1";TRUE;1,09073579762827e-06;9286;2277;1199;0,526570048309179;0,129119104027568;"TF:M12703";"TF";"Factor: ZNF383; motif: SSNGGGMGGNGSNGGS";19958;10100;"Up"
"978";"query_1";TRUE;1,1539369349177e-06;1373;1532;169;0,110313315926893;0,123088128186453;"TF:M09971_1";"TF";"Factor: GKLF; motif: WGGGYGKGGC; match class: 1";19958;3157;"Up"
"979";"query_1";TRUE;1,24621851044766e-06;13260;2279;1644;0,721369021500658;0,123981900452489;"TF:M04595";"TF";"Factor: SALL2; motif: GGGTGGG";19958;7418;"Up"
"980";"query_1";TRUE;1,26754248791386e-06;6639;2288;894;0,390734265734266;0,134658834161771;"TF:M07436";"TF";"Factor: WT1; motif: NNGGGNGGGSGN";19958;8974;"Up"
"981";"query_1";TRUE;1,27351391243596e-06;13900;2305;1732;0,751409978308026;0,124604316546763;"TF:M08209";"TF";"Factor: E2F-3:FOXO6; motif: NAATGACACGCGCCCMC";19958;1478;"Up"
"982";"query_1";TRUE;1,30347262787587e-06;2704;2322;414;0,178294573643411;0,15310650887574;"TF:M12230_1";"TF";"Factor: LRF; motif: RCGACCACCNN; match class: 1";19958;9181;"Up"
"983";"query_1";TRUE;1,69649114276503e-06;1803;695;113;0,162589928057554;0,0626733222407099;"TF:M00179_1";"TF";"Factor: ATF2; motif: VGTGACGTMACN; match class: 1";19958;1061;"Up"
"984";"query_1";TRUE;1,72690637095285e-06;3511;679;183;0,269513991163476;0,0521219025918542;"TF:M02068";"TF";"Factor: etv3; motif: ACCGGAAGYN";19958;2256;"Up"
"985";"query_1";TRUE;1,76358987970036e-06;4355;2142;581;0,271241830065359;0,133409873708381;"TF:M09897";"TF";"Factor: Egr-1; motif: NNNNGCGKGGGYGGNRN";19958;1620;"Up"
"986";"query_1";TRUE;1,84739097696923e-06;15340;1958;1611;0,822778345250255;0,105019556714472;"TF:M08568_1";"TF";"Factor: ER71:E2A; motif: CASSTGNACCGGAWRYN; match class: 1";19958;2247;"Up"
"987";"query_1";TRUE;1,86483869214391e-06;9305;2246;1184;0,527159394479074;0,127243417517464;"TF:M00800";"TF";"Factor: AP-2; motif: GSCCSCRGGCNRNRNN";19958;150;"Up"
"988";"query_1";TRUE;1,98652171582974e-06;11146;2353;1452;0,617084572885678;0,130270949219451;"TF:M12354";"TF";"Factor: ZNF37A; motif: CCYYGGCTCCNTSCCMN";19958;10086;"Up"
"989";"query_1";TRUE;2,09801287965963e-06;10142;2241;1275;0,568942436412316;0,125714849142181;"TF:M11478";"TF";"Factor: AP-2beta; motif: NSCCNNNGGSN";19958;8572;"Up"
"990";"query_1";TRUE;2,1384655418798e-06;4512;679;222;0,326951399116348;0,0492021276595745;"TF:M09935";"TF";"Factor: GABP-alpha; motif: NNNRCCGGAAGTGN";19958;2870;"Up"
"991";"query_1";TRUE;2,1469374336715e-06;5053;2342;716;0,305721605465414;0,141698001187413;"TF:M10026_1";"TF";"Factor: PATZ; motif: GGGGNGGGGGMKGGRRNGGNRN; match class: 1";19958;6311;"Up"
"992";"query_1";TRUE;2,16959069946078e-06;1866;1672;230;0,13755980861244;0,123258306538049;"TF:M09887_1";"TF";"Factor: CREB1; motif: NRRTGACGTMA; match class: 1";19958;965;"Up"
"993";"query_1";TRUE;2,22318744866266e-06;3098;685;167;0,243795620437956;0,0539057456423499;"TF:M02054";"TF";"Factor: ELF2; motif: CCCGGAARYN";19958;1728;"Up"
"994";"query_1";TRUE;2,51190045123341e-06;9530;2482;1327;0,534649476228848;0,139244491080797;"TF:M10426";"TF";"Factor: ctcf; motif: CCRSCAGGGGGCGCN";19958;1148;"Up"
"995";"query_1";TRUE;2,56119377568563e-06;10845;2228;1345;0,603680430879713;0,124020285846012;"TF:M09729";"TF";"Factor: LUMAN; motif: CYCAGCYYCY";19958;4820;"Up"
"996";"query_1";TRUE;2,60371237999854e-06;2999;1610;329;0,204347826086957;0,10970323441147;"TF:M12164";"TF";"Factor: BTEB2; motif: NMCACGCCCN";19958;616;"Up"
"997";"query_1";TRUE;2,93111565185858e-06;2333;2472;383;0,154935275080906;0,164166309472782;"TF:M12185";"TF";"Factor: BTEB4; motif: RCCACGCCCC";19958;4550;"Up"
"998";"query_1";TRUE;2,93225963348989e-06;7430;2030;882;0,43448275862069;0,118707940780619;"TF:M01175";"TF";"Factor: CKROX; motif: SCCCTCCCC";19958;850;"Up"
"999";"query_1";TRUE;2,94384784802118e-06;1917;653;112;0,171516079632466;0,0584246218049035;"TF:M01820_1";"TF";"Factor: CREM; motif: TGACGTCASYN; match class: 1";19958;1091;"Up"
"1000";"query_1";TRUE;3,02859449612388e-06;12691;2358;1631;0,691687871077184;0,128516271373414;"TF:M09817";"TF";"Factor: PAX5; motif: RNGCGTGACCNN";19958;6390;"Up"
"1001";"query_1";TRUE;3,0851672836132e-06;2397;2488;394;0,158360128617363;0,164372131831456;"TF:M12150";"TF";"Factor: SP9; motif: NCCACGCCCMCN";19958;7914;"Up"
"1002";"query_1";TRUE;3,09075013692592e-06;2630;2416;416;0,172185430463576;0,158174904942966;"TF:M02281_1";"TF";"Factor: SP1; motif: CCCCKCCCCC; match class: 1";19958;7821;"Up"
"1003";"query_1";TRUE;3,13539766065372e-06;5937;679;275;0,40500736377025;0,0463196900791646;"TF:M02073";"TF";"Factor: Fli-1; motif: ACCGGAAGYN";19958;2434;"Up"
"1004";"query_1";TRUE;3,16057434999209e-06;11045;2518;1534;0,609213661636219;0,138886373924853;"TF:M09738";"TF";"Factor: ZNF511; motif: GGRRGRGGCWGNG";19958;10436;"Up"
"1005";"query_1";TRUE;3,20436485398473e-06;6871;679;309;0,455081001472754;0,04497161985155;"TF:M02065_1";"TF";"Factor: ER81; motif: RCCGGAARYN; match class: 1";19958;1947;"Up"
"1006";"query_1";TRUE;3,63220369694863e-06;8797;680;377;0,554411764705882;0,0428555189269069;"TF:M12600";"TF";"Factor: ELF1; motif: NNNASCCGGAAGTGGNNNN";19958;1720;"Up"
"1007";"query_1";TRUE;3,64028394250805e-06;6797;2348;931;0,396507666098807;0,13697219361483;"TF:M12722_1";"TF";"Factor: ZXDL; motif: GSGSCNNGGGMRGCNCCGGGS; match class: 1";19958;11641;"Up"
"1008";"query_1";TRUE;3,75614725715629e-06;1025;2363;186;0,0787134997884046;0,181463414634146;"TF:M12156_1";"TF";"Factor: Sp2; motif: NTAAGYCCCGCCCMCTN; match class: 1";19958;7869;"Up"
"1009";"query_1";TRUE;4,03218937763384e-06;8806;2356;1176;0,499151103565365;0,133545310015898;"TF:M00446";"TF";"Factor: Spz1; motif: DNNGGRGGGWWNNNN";19958;7974;"Up"
"1010";"query_1";TRUE;4,29684467463807e-06;10301;686;431;0,628279883381924;0,0418405980001942;"TF:M02071";"TF";"Factor: ETV7; motif: NCCGGAANNN";19958;2310;"Up"
"1011";"query_1";TRUE;4,60315561957197e-06;4216;2336;607;0,259845890410959;0,143975332068311;"TF:M12648";"TF";"Factor: PATZ1; motif: SCNCCNCNSCCCCCASCCN";19958;6312;"Up"
"1012";"query_1";TRUE;4,69048940848194e-06;7004;679;313;0,460972017673049;0,0446887492861222;"TF:M02069";"TF";"Factor: Erm; motif: ACCGGAAGTN";19958;2044;"Up"
"1013";"query_1";TRUE;5,31257592209774e-06;10707;679;440;0,648011782032401;0,0410946110021481;"TF:M03977";"TF";"Factor: ETS1; motif: ACCGGAARYN";19958;2164;"Up"
"1014";"query_1";TRUE;5,59877020071599e-06;10102;2288;1292;0,564685314685315;0,127895466244308;"TF:M12597_1";"TF";"Factor: E2F1; motif: GSGCGGGAAN; match class: 1";19958;1443;"Up"
"1015";"query_1";TRUE;5,65177117299339e-06;4702;2522;715;0,283505154639175;0,152062951935347;"TF:M12155";"TF";"Factor: Sp2; motif: NTWAGTCCCGCCCMCTT";19958;7866;"Up"
"1016";"query_1";TRUE;6,27102234639222e-06;6530;1898;738;0,388830347734457;0,11301684532925;"TF:M00051";"TF";"Factor: NF-kappaB; motif: GGGGATYCCC";19958;5690;"Up"
"1017";"query_1";TRUE;6,35020918441875e-06;2950;2342;445;0,19000853970965;0,150847457627119;"TF:M09834_1";"TF";"Factor: ZNF148; motif: NNNNNNCCNNCCCCTCCCCCACCCN; match class: 1";19958;9495;"Up"
"1018";"query_1";TRUE;7,15196526200962e-06;6258;2088;775;0,371168582375479;0,123841482901886;"TF:M03896";"TF";"Factor: EGR1; motif: NACGCCCACGCANW";19958;1602;"Up"
"1019";"query_1";TRUE;7,29577276786169e-06;946;1319;111;0,0841546626231994;0,117336152219873;"TF:M00113_1";"TF";"Factor: CREB; motif: NNGNTGACGTNN; match class: 1";19958;1065;"Up"
"1020";"query_1";TRUE;7,8167104717433e-06;2934;679;157;0,231222385861561;0,0535105657805044;"TF:M09913";"TF";"Factor: ER81; motif: NNCCGGAAGYG";19958;1950;"Up"
"1021";"query_1";TRUE;7,88197866810151e-06;12136;1858;1247;0,671151776103337;0,102752142386289;"TF:M11401";"TF";"Factor: Fli-1; motif: NACCGGATATCCGGTN";19958;2454;"Up"
"1022";"query_1";TRUE;8,33974457227684e-06;1720;2417;288;0,119155978485726;0,167441860465116;"TF:M07367";"TF";"Factor: Slug; motif: SSSNNNKCACCTGN";19958;7564;"Up"
"1023";"query_1";TRUE;8,73388952978769e-06;2986;558;136;0,243727598566308;0,0455458807769591;"TF:M11434_1";"TF";"Factor: Elk-1; motif: NRSCGGAAGNN; match class: 1";19958;1851;"Up"
"1024";"query_1";TRUE;9,26086852749433e-06;1623;2289;262;0,114460463084316;0,161429451632779;"TF:M04797_1";"TF";"Factor: Egr-1; motif: CCGCCCMCG; match class: 1";19958;1605;"Up"
"1025";"query_1";TRUE;9,3421503106731e-06;6024;679;276;0,406480117820324;0,0458167330677291;"TF:M02067";"TF";"Factor: ER71; motif: ACCGGAARYN";19958;1938;"Up"
"1026";"query_1";TRUE;9,37165526580482e-06;8290;558;300;0,537634408602151;0,0361881785283474;"TF:M11424";"TF";"Factor: Erm; motif: NNSCGGAWGYN";19958;2052;"Up"
"1027";"query_1";TRUE;9,37596079718347e-06;6282;2343;863;0,368331199317115;0,137376631645973;"TF:M01973";"TF";"Factor: PLAG1; motif: CCCCCKWNNNGGSCCC";19958;6630;"Up"
"1028";"query_1";TRUE;9,43172512439157e-06;13372;1959;1427;0,728432873915263;0,106715524977565;"TF:M11058";"TF";"Factor: Hey1; motif: NGCRCGYGYN";19958;3370;"Up"
"1029";"query_1";TRUE;9,46769134414108e-06;1443;2519;257;0,102024612941644;0,178101178101178;"TF:M12159";"TF";"Factor: KLF15; motif: GCCACGCCCMCN";19958;4540;"Up"
"1030";"query_1";TRUE;9,50543339100156e-06;6128;674;278;0,412462908011869;0,0453655352480418;"TF:M02053";"TF";"Factor: ELF1; motif: NCCGGAARTN";19958;1798;"Up"
"1031";"query_1";TRUE;1,03347066823466e-05;7542;2454;1060;0,431947840260799;0,140546274197826;"TF:M04595_1";"TF";"Factor: SALL2; motif: GGGTGGG; match class: 1";19958;7419;"Up"
"1032";"query_1";TRUE;1,07606446736142e-05;4518;835;261;0,312574850299401;0,0577689243027888;"TF:M01864";"TF";"Factor: ATF-4; motif: KACGTCAKS";19958;338;"Up"
"1033";"query_1";TRUE;1,09688504725218e-05;5053;1679;527;0,313877307921382;0,104294478527607;"TF:M00113";"TF";"Factor: CREB; motif: NNGNTGACGTNN";19958;1064;"Up"
"1034";"query_1";TRUE;1,26337062215203e-05;9508;2294;1224;0,533565823888405;0,128733697938578;"TF:M00649";"TF";"Factor: MAZ; motif: GGGGAGGG";19958;4994;"Up"
"1035";"query_1";TRUE;1,27586174511179e-05;934;2408;173;0,071843853820598;0,185224839400428;"TF:M07617_1";"TF";"Factor: Sp4; motif: SCCCCKCCCCCSN; match class: 1";19958;7893;"Up"
"1036";"query_1";TRUE;1,4734167809428e-05;7015;679;311;0,458026509572901;0,0443335709194583;"TF:M11451";"TF";"Factor: Elf-1; motif: NANCCGGAAGTN";19958;1714;"Up"
"1037";"query_1";TRUE;1,5089008213106e-05;2550;679;140;0,206185567010309;0,0549019607843137;"TF:M11421";"TF";"Factor: ER81; motif: NACCGGAAGTN";19958;1958;"Up"
"1038";"query_1";TRUE;1,59411820348661e-05;10458;2265;1316;0,581015452538631;0,125836680053548;"TF:M04516_1";"TF";"Factor: E2F-1; motif: TTTGGCGCCAAA; match class: 1";19958;1435;"Up"
"1039";"query_1";TRUE;1,61933264350232e-05;5331;688;252;0,366279069767442;0,0472706809229038;"TF:M03990";"TF";"Factor: GABPA; motif: ACCGGAAGTN";19958;2862;"Up"
"1040";"query_1";TRUE;1,63245741771974e-05;1507;654;92;0,140672782874618;0,0610484406104844;"TF:M00039_1";"TF";"Factor: CREB; motif: TGACGTMA; match class: 1";19958;1063;"Up"
"1041";"query_1";TRUE;1,87024623154849e-05;5470;685;256;0,373722627737226;0,046800731261426;"TF:M09901";"TF";"Factor: nerf; motif: NNNCCGGAAGTGN";19958;5478;"Up"
"1042";"query_1";TRUE;1,88527603933749e-05;1588;660;96;0,145454545454545;0,0604534005037783;"TF:M09600_1";"TF";"Factor: CREB1; motif: TKACGTCAYNN; match class: 1";19958;959;"Up"
"1043";"query_1";TRUE;1,94656063986968e-05;3035;2343;453;0,193341869398207;0,149258649093904;"TF:M07397_1";"TF";"Factor: ZBP89; motif: CCCCKCCCCCNN; match class: 1";19958;9065;"Up"
"1044";"query_1";TRUE;1,95333736344132e-05;10839;2512;1498;0,596337579617834;0,138204631423563;"TF:M11796";"TF";"Factor: NR1B1; motif: NRGGNCRTGACCTN";19958;7056;"Up"
"1045";"query_1";TRUE;1,96352278841983e-05;5203;2505;773;0,308582834331337;0,148568133768979;"TF:M12694_1";"TF";"Factor: ZFP14; motif: SCNNYCCNGNNSCTSCNC; match class: 1";19958;9235;"Up"
"1046";"query_1";TRUE;2,03461629880851e-05;6491;753;319;0,423638778220452;0,0491449699584039;"TF:M11309";"TF";"Factor: ATF-2; motif: NRTGACGTMANN";19958;286;"Up"
"1047";"query_1";TRUE;2,23603893078077e-05;2327;1582;258;0,163084702907712;0,110872367855608;"TF:M11309_1";"TF";"Factor: ATF-2; motif: NRTGACGTMANN; match class: 1";19958;287;"Up"
"1048";"query_1";TRUE;2,35602789903123e-05;5836;1683;596;0,354129530600119;0,10212474297464;"TF:M11435_1";"TF";"Factor: Elk-1; motif: NNCCGGAAGTN; match class: 1";19958;1853;"Up"
"1049";"query_1";TRUE;2,39240402159321e-05;2737;679;147;0,216494845360825;0,0537084398976982;"TF:M08917";"TF";"Factor: GABP-ALPHA; motif: RCCGGAARTNN";19958;2868;"Up"
"1050";"query_1";TRUE;2,51937830119546e-05;6259;2246;824;0,366874443455031;0,131650423390318;"TF:M04617";"TF";"Factor: LRF; motif: NGNAGNGGGTYN";19958;4794;"Up"
"1051";"query_1";TRUE;2,59092741123794e-05;11118;892;579;0,649103139013453;0,0520777118186724;"TF:M00448";"TF";"Factor: Zic1; motif: KGGGTGGTC";19958;9334;"Up"
"1052";"query_1";TRUE;2,61773967032268e-05;8182;679;351;0,516936671575847;0,0428990466878514;"TF:M02062";"TF";"Factor: Erg; motif: ACCGGAAGTN";19958;2014;"Up"
"1053";"query_1";TRUE;2,73420061372001e-05;2394;1967;317;0,161159125571937;0,132414369256475;"TF:M00796";"TF";"Factor: USF; motif: NRCCACGTGASN";19958;8896;"Up"
"1054";"query_1";TRUE;2,79187946934779e-05;8965;2285;1154;0,505032822757112;0,1287228109314;"TF:M08487_1";"TF";"Factor: GCMa:Erg; motif: ATGCGGGCGGAARKG; match class: 1";19958;3035;"Up"
"1055";"query_1";TRUE;2,81965478683466e-05;1232;654;79;0,120795107033639;0,0641233766233766;"TF:M07248_1";"TF";"Factor: CREB1; motif: NNNNTGACGTNANNN; match class: 1";19958;987;"Up"
"1056";"query_1";TRUE;2,83280806816938e-05;3732;1805;430;0,238227146814404;0,115219721329046;"TF:M12188";"TF";"Factor: KLF17; motif: NGMCMCRCCCTN";19958;4558;"Up"
"1057";"query_1";TRUE;2,97000414748634e-05;6224;2527;913;0,361297981796597;0,146690231362468;"TF:M00189_1";"TF";"Factor: AP-2; motif: MKCCCSCNGGCG; match class: 1";19958;155;"Up"
"1058";"query_1";TRUE;2,97748547426578e-05;2601;679;141;0,207658321060383;0,0542099192618224;"TF:M11439";"TF";"Factor: Net; motif: NRCCGGAAGTN";19958;1860;"Up"
"1059";"query_1";TRUE;3,01321836710454e-05;5323;2288;725;0,316870629370629;0,1362013901935;"TF:M07387";"TF";"Factor: LRF; motif: NGKGGGTSNCN";19958;4792;"Up"
"1060";"query_1";TRUE;3,13142425922907e-05;2611;677;141;0,208271787296898;0,0540022979701264;"TF:M02061";"TF";"Factor: ERF; motif: ACCGGAARYN";19958;2008;"Up"
"1061";"query_1";TRUE;3,14407713369598e-05;6587;1962;761;0,387869520897044;0,115530590557158;"TF:M04107_1";"TF";"Factor: RUNX2; motif: WRACCGCANWAACCGCAN; match class: 1";19958;7347;"Up"
"1062";"query_1";TRUE;3,17652183486435e-05;14199;1833;1407;0,76759410801964;0,0990914853158673;"TF:M08487";"TF";"Factor: GCMa:Erg; motif: ATGCGGGCGGAARKG";19958;3034;"Up"
"1063";"query_1";TRUE;3,27751015744572e-05;2823;679;150;0,220913107511046;0,053134962805526;"TF:M11437";"TF";"Factor: SAP-1; motif: NRCCGGAWGYN";19958;1880;"Up"
"1064";"query_1";TRUE;3,27781724462444e-05;5235;2024;639;0,315711462450593;0,122063037249284;"TF:M12231_1";"TF";"Factor: LRF; motif: NCGACCACCGN; match class: 1";19958;9183;"Up"
"1065";"query_1";TRUE;3,30472519436989e-05;2820;2213;403;0,182105738816087;0,14290780141844;"TF:M01100_1";"TF";"Factor: LRF; motif: GGGGKYNNB; match class: 1";19958;4791;"Up"
"1066";"query_1";TRUE;3,31621034068226e-05;8701;1958;972;0,496424923391216;0,111711297552006;"TF:M12230";"TF";"Factor: LRF; motif: RCGACCACCNN";19958;9180;"Up"
"1067";"query_1";TRUE;3,37301683573422e-05;8582;1574;784;0,498094027954257;0,0913539967373573;"TF:M04106_1";"TF";"Factor: RUNX2; motif: NRACCGCAAACCGCAN; match class: 1";19958;7345;"Up"
"1068";"query_1";TRUE;3,45326784392513e-05;11084;2465;1499;0,608113590263692;0,135239985564778;"TF:M07084";"TF";"Factor: E2F-4; motif: NGGCGGGAARN";19958;1506;"Up"
"1069";"query_1";TRUE;3,6089929680699e-05;2514;635;130;0,204724409448819;0,0517104216388226;"TF:M11225_1";"TF";"Factor: CREM; motif: NNTGACGTCANN; match class: 1";19958;1085;"Up"
"1070";"query_1";TRUE;3,89334955464972e-05;10175;1623;936;0,576709796672828;0,091990171990172;"TF:M09896";"TF";"Factor: E2F-7; motif: GRGGCGGGAANNN";19958;1528;"Up"
"1071";"query_1";TRUE;3,96693477593215e-05;1282;656;81;0,123475609756098;0,063182527301092;"TF:M09592_1";"TF";"Factor: ATF-1; motif: NRTGACGTMAN; match class: 1";19958;269;"Up"
"1072";"query_1";TRUE;4,05486611251514e-05;5561;2513;820;0,326303223239156;0,147455493616256;"TF:M01837";"TF";"Factor: FKLF; motif: BGGGNGGVMD";19958;2414;"Up"
"1073";"query_1";TRUE;4,09871761095218e-05;8201;861;434;0,504065040650406;0,0529203755639556;"TF:M11478_1";"TF";"Factor: AP-2beta; motif: NSCCNNNGGSN; match class: 1";19958;8573;"Up"
"1074";"query_1";TRUE;4,30825050382171e-05;1522;1854;206;0,111111111111111;0,135348226018397;"TF:M01972_1";"TF";"Factor: EGR-1; motif: TGCGTGGGCGK; match class: 1";19958;1601;"Up"
"1075";"query_1";TRUE;4,53392371003199e-05;18339;562;548;0,97508896797153;0,0298816729374557;"TF:M04934";"TF";"Factor: TR4; motif: ACCCCGS";19958;5936;"Up"
"1076";"query_1";TRUE;4,62637400393946e-05;7194;2482;1021;0,411361804995971;0,141923825410064;"TF:M00695_1";"TF";"Factor: ETF; motif: GVGGMGG; match class: 1";19958;2161;"Up"
"1077";"query_1";TRUE;4,64097774640737e-05;13419;2302;1665;0,723284100781929;0,124077800134138;"TF:M11881";"TF";"Factor: pax-6; motif: NYACGCNTSANYGCNYN";19958;6402;"Up"
"1078";"query_1";TRUE;4,69005562902352e-05;3258;679;167;0,245949926362297;0,0512584407612032;"TF:M11420";"TF";"Factor: ER81; motif: NACCGGAAGTN";19958;1956;"Up"
"1079";"query_1";TRUE;4,82409927396266e-05;2962;679;155;0,228276877761414;0,0523295070898042;"TF:M11414";"TF";"Factor: GABP-alpha; motif: NACCGGAAGTN";19958;2872;"Up"
"1080";"query_1";TRUE;4,9407538527793e-05;2665;1628;294;0,180589680589681;0,11031894934334;"TF:M12174";"TF";"Factor: GKLF; motif: NNCCACRCCCN";19958;4578;"Up"
"1081";"query_1";TRUE;4,94826210496981e-05;11982;407;298;0,732186732186732;0,0248706392922717;"TF:M11401_1";"TF";"Factor: Fli-1; motif: NACCGGATATCCGGTN; match class: 1";19958;2455;"Up"
"1082";"query_1";TRUE;4,95565130450892e-05;2896;672;151;0,224702380952381;0,0521408839779006;"TF:M01258";"TF";"Factor: GABP; motif: CACTTCCGGNNN";19958;2886;"Up"
"1083";"query_1";TRUE;4,96081745797272e-05;4860;554;193;0,348375451263538;0,0397119341563786;"TF:M03970";"TF";"Factor: ELK1; motif: ACCGGAAGTN";19958;1840;"Up"
"1084";"query_1";TRUE;4,98256974609292e-05;6396;687;289;0,420669577874818;0,0451844903064415;"TF:M09606";"TF";"Factor: nerf; motif: NRRNSCGGAAGNRNNNN";19958;1732;"Up"
"1085";"query_1";TRUE;4,99374706388232e-05;6949;679;306;0,450662739322533;0,0440351129658944;"TF:M03982";"TF";"Factor: ETV4; motif: ACCGGAAGTN";19958;2268;"Up"
"1086";"query_1";TRUE;5,11037036654995e-05;3285;2297;474;0,206356116673923;0,144292237442922;"TF:M05439_1";"TF";"Factor: RREB-1; motif: GGGWCSA; match class: 1";19958;7335;"Up"
"1087";"query_1";TRUE;5,1728899392121e-05;8832;679;372;0,547864506627393;0,0421195652173913;"TF:M11392";"TF";"Factor: Erg; motif: NACCGGAARYN";19958;2028;"Up"
"1088";"query_1";TRUE;5,24010774366409e-05;490;652;42;0,0644171779141104;0,0857142857142857;"TF:M10129";"TF";"Factor: Staf; motif: NGCMTKCTGGGARWTGTAGTYY";19958;8074;"Up"
"1089";"query_1";TRUE;5,30656318898346e-05;3293;2128;444;0,208646616541353;0,134831460674157;"TF:M08878_1";"TF";"Factor: EGR; motif: CGCCCCCGCNN; match class: 1";19958;1669;"Up"
"1090";"query_1";TRUE;5,35147885267403e-05;9584;558;333;0,596774193548387;0,034745409015025;"TF:M02059";"TF";"Factor: ELK-1; motif: ACCGGAAGTN";19958;1838;"Up"
"1091";"query_1";TRUE;5,36219980901451e-05;738;1844;115;0,0623644251626898;0,155826558265583;"TF:M12163";"TF";"Factor: KLF3; motif: GRCCRCGCCCN";19958;4568;"Up"
"1092";"query_1";TRUE;5,36255099630836e-05;4675;679;222;0,326951399116348;0,0474866310160428;"TF:M11427_1";"TF";"Factor: PEA3; motif: NACCGGAAGTN; match class: 1";19958;6503;"Up"
"1093";"query_1";TRUE;5,46521008983022e-05;10212;2305;1305;0,566160520607375;0,127790834312573;"TF:M04148";"TF";"Factor: TFAP2A; motif: NGCCCYNNGGGCN";19958;8550;"Up"
"1094";"query_1";TRUE;5,67852384305438e-05;8230;2356;1097;0,465619694397284;0,133292831105711;"TF:M07348";"TF";"Factor: AP-2alpha; motif: NSCCNCRGGSN";19958;132;"Up"
"1095";"query_1";TRUE;5,70914546871507e-05;1689;1856;224;0,120689655172414;0,132622853759621;"TF:M12678";"TF";"Factor: TFEA; motif: NNNNSNGGTCACGTGACN";19958;8668;"Up"
"1096";"query_1";TRUE;5,7142520611417e-05;10198;686;422;0,615160349854227;0,0413806628750735;"TF:M00025";"TF";"Factor: Elk-1; motif: NNNNCCGGAARTNN";19958;1832;"Up"
"1097";"query_1";TRUE;5,8065722249708e-05;8434;679;358;0,527245949926362;0,0424472373725397;"TF:M09905";"TF";"Factor: SAP-1; motif: NNCCGGAAGTGN";19958;1876;"Up"
"1098";"query_1";TRUE;5,8851857936512e-05;2035;679;116;0,170839469808542;0,057002457002457;"TF:M11442";"TF";"Factor: Net; motif: NACCGGAAGTN";19958;1866;"Up"
"1099";"query_1";TRUE;5,93740619728384e-05;11244;2357;1453;0,61646160373356;0,129224475275703;"TF:M12590";"TF";"Factor: CP2; motif: NRRRCCGGCYNRARCCGGNN";19958;8654;"Up"
"1100";"query_1";TRUE;5,95776154930951e-05;1995;677;114;0,168389955686854;0,0571428571428571;"TF:M01167";"TF";"Factor: SAP-1a; motif: NACCGGAAGTV";19958;7426;"Up"
"1101";"query_1";TRUE;6,34236068166373e-05;4634;675;219;0,324444444444444;0,0472593871385412;"TF:M02064_1";"TF";"Factor: c-ets-2; motif: ACCGGAWRTN; match class: 1";19958;821;"Up"
"1102";"query_1";TRUE;6,40946131449829e-05;1211;654;77;0,117737003058104;0,0635838150289017;"TF:M03544_1";"TF";"Factor: CREB1; motif: NNNNACGTCANN; match class: 1";19958;989;"Up"
"1103";"query_1";TRUE;6,74239799986203e-05;7703;642;316;0,492211838006231;0,0410229780604959;"TF:M02063";"TF";"Factor: c-ets-1; motif: ACCGGAWGTN";19958;816;"Up"
"1104";"query_1";TRUE;6,74978040585731e-05;2973;642;148;0,230529595015576;0,0497813656239489;"TF:M08759_1";"TF";"Factor: c-Ets-2; motif: NCCGGAAGTG; match class: 1";19958;2175;"Up"
"1105";"query_1";TRUE;6,98179729251208e-05;12717;2198;1517;0,6901728844404;0,119289140520563;"TF:M07041";"TF";"Factor: HDAC1; motif: KGCARGGTC";19958;3310;"Up"
"1106";"query_1";TRUE;7,11003172174411e-05;2420;679;132;0,19440353460972;0,0545454545454545;"TF:M02072";"TF";"Factor: Pet-1; motif: ACCGGAWRTN";19958;6528;"Up"
"1107";"query_1";TRUE;7,17649278746752e-05;2749;2135;380;0,177985948477752;0,138232084394325;"TF:M01873_1";"TF";"Factor: Egr-1; motif: GCGGGGGCGG; match class: 1";19958;1631;"Up"
"1108";"query_1";TRUE;7,37588457761953e-05;9767;1855;1021;0,550404312668464;0,104535681376062;"TF:M04148_1";"TF";"Factor: TFAP2A; motif: NGCCCYNNGGGCN; match class: 1";19958;8551;"Up"
"1109";"query_1";TRUE;7,66614530197216e-05;6150;687;279;0,406113537117904;0,0453658536585366;"TF:M11419";"TF";"Factor: ER81; motif: NNCCGGAWGYN";19958;1954;"Up"
"1110";"query_1";TRUE;7,75150964790301e-05;5419;672;247;0,367559523809524;0,0455803653810666;"TF:M02056";"TF";"Factor: ELF4; motif: NCCGGAARTN";19958;1768;"Up"
"1111";"query_1";TRUE;7,78269380942204e-05;8453;679;358;0,527245949926362;0,0423518277534603;"TF:M08759";"TF";"Factor: c-Ets-2; motif: NCCGGAAGTG";19958;2174;"Up"
"1112";"query_1";TRUE;7,88675687763236e-05;1776;2482;297;0,119661563255439;0,16722972972973;"TF:M12182";"TF";"Factor: BTEB3; motif: NRCCACGCCCMCN";19958;632;"Up"
"1113";"query_1";TRUE;8,04317730155823e-05;1147;2047;176;0,0859794821690278;0,153443766346992;"TF:M00338_1";"TF";"Factor: ATF; motif: NTGACGTCANYS; match class: 1";19958;371;"Up"
"1114";"query_1";TRUE;8,16096212625347e-05;7854;679;337;0,496318114874816;0,042908072319837;"TF:M11447";"TF";"Factor: Elf-1; motif: NAMCCGGAAGTN";19958;1706;"Up"
"1115";"query_1";TRUE;8,22981085371351e-05;9432;1140;629;0,551754385964912;0,0666878710771841;"TF:M04110";"TF";"Factor: RUNX3; motif: NRACCGCANWAACCRCAN";19958;7360;"Up"
"1116";"query_1";TRUE;8,23857661887211e-05;1617;1707;201;0,117750439367311;0,12430426716141;"TF:M12181";"TF";"Factor: BTEB3; motif: NRCCACGCCCMCN";19958;630;"Up"
"1117";"query_1";TRUE;8,64439292503196e-05;8504;1689;827;0,48963883955003;0,0972483537158984;"TF:M09591";"TF";"Factor: AP-2gamma; motif: NTGSCCTGRGGSNN";19958;8600;"Up"
"1118";"query_1";TRUE;8,75233359155419e-05;4169;2453;618;0,251936404402772;0,148236987287119;"TF:M10112_1";"TF";"Factor: Miz-1; motif: NNRGGWGGGGGAGGGGMRR; match class: 1";19958;5193;"Up"
"1119";"query_1";TRUE;8,86845559789091e-05;1369;2519;241;0,0956728860658992;0,176040905770635;"TF:M12179";"TF";"Factor: BTEB3; motif: NRCCACGCCCMCN";19958;626;"Up"
"1120";"query_1";TRUE;9,69200715807431e-05;1390;1572;166;0,10559796437659;0,119424460431655;"TF:M00177_1";"TF";"Factor: CREB; motif: NSTGACGTAANN; match class: 1";19958;1067;"Up"
"1121";"query_1";TRUE;9,73440800747865e-05;11471;1670;1065;0,637724550898204;0,0928428210269375;"TF:M03971";"TF";"Factor: ELK1; motif: NACTTCCGSCGGAAGYN";19958;1842;"Up"
"1122";"query_1";TRUE;0,000102790041501849;11634;1868;1199;0,64186295503212;0,103059996561802;"TF:M04516";"TF";"Factor: E2F-1; motif: TTTGGCGCCAAA";19958;1434;"Up"
"1123";"query_1";TRUE;0,000103531058602168;9322;1832;967;0,527838427947598;0,103733104484016;"TF:M12721";"TF";"Factor: ZNFPT1; motif: YCNNCNCWGCCNY";19958;11592;"Up"
"1124";"query_1";TRUE;0,000106257503471726;4654;1667;481;0,288542291541692;0,103351955307263;"TF:M00915_1";"TF";"Factor: AP-2; motif: SNNNCCNCAGGCN; match class: 1";19958;157;"Up"
"1125";"query_1";TRUE;0,000106875096139304;9950;2485;1366;0,549698189134809;0,137286432160804;"TF:M04109";"TF";"Factor: RUNX3; motif: NRACCGCAAACCGCAN";19958;7358;"Up"
"1126";"query_1";TRUE;0,000112234994613292;8477;679;358;0,527245949926362;0,0422319216704023;"TF:M08913";"TF";"Factor: FLI-1; motif: NAYTTCCGGT";19958;2442;"Up"
"1127";"query_1";TRUE;0,000117151835443806;13161;2484;1757;0,707326892109501;0,133500493883444;"TF:M11399";"TF";"Factor: Fli-1; motif: NACCGGAWWTCCGGTY";19958;2450;"Up"
"1128";"query_1";TRUE;0,000118998343147432;11026;1684;1036;0,61520190023753;0,0939597315436242;"TF:M02070";"TF";"Factor: TEL1; motif: CNCGGAANNN";19958;8542;"Up"
"1129";"query_1";TRUE;0,000120892587942801;3102;679;159;0,234167893961708;0,051257253384913;"TF:M08913_1";"TF";"Factor: FLI-1; motif: NAYTTCCGGT; match class: 1";19958;2443;"Up"
"1130";"query_1";TRUE;0,000122438988302453;4667;679;220;0,3240058910162;0,047139490036426;"TF:M02074";"TF";"Factor: GABPalpha; motif: RCCGGAWRYN";19958;2860;"Up"
"1131";"query_1";TRUE;0,000127635303257933;7288;679;316;0,46539027982327;0,0433589462129528;"TF:M11428";"TF";"Factor: PEA3; motif: NACCGGAAGTN";19958;6504;"Up"
"1132";"query_1";TRUE;0,000129035365082901;6598;1706;666;0,390386869871043;0,100939678690512;"TF:M03978_1";"TF";"Factor: ETS1; motif: GCCGGAWGTACTTCCGGN; match class: 1";19958;2167;"Up"
"1133";"query_1";TRUE;0,000133327311665782;11034;1577;974;0,617628408370323;0,0882726119267718;"TF:M11430";"TF";"Factor: PEA3; motif: NACCGGAAGTN";19958;6508;"Up"
"1134";"query_1";TRUE;0,00013590395447468;11270;558;377;0,675627240143369;0,0334516415261757;"TF:M01660";"TF";"Factor: GABP-alpha; motif: CTTCCK";19958;2878;"Up"
"1135";"query_1";TRUE;0,000137080926531082;11553;2190;1385;0,632420091324201;0,119882281658444;"TF:M00143";"TF";"Factor: Pax-5; motif: BCNNNRNGCANBGNTGNRTAGCSGCHNB";19958;6376;"Up"
"1136";"query_1";TRUE;0,000138866069270553;2096;1610;236;0,146583850931677;0,112595419847328;"TF:M12172";"TF";"Factor: LKLF; motif: NRCCACRCCCN";19958;4760;"Up"
"1137";"query_1";TRUE;0,000141289874778218;1551;674;93;0,137982195845697;0,0599613152804642;"TF:M00178_1";"TF";"Factor: CREB; motif: NSTGACGTMANN; match class: 1";19958;1073;"Up"
"1138";"query_1";TRUE;0,000141995597546042;3595;2512;552;0,219745222929936;0,153546592489569;"TF:M08835";"TF";"Factor: ZNF515; motif: WNSCCCCCWGCNG";19958;10446;"Up"
"1139";"query_1";TRUE;0,000144369656606623;2480;428;93;0,217289719626168;0,0375;"TF:M01078_1";"TF";"Factor: c-Ets-1; motif: NNNRCCGGAWRYNNNN; match class: 1";19958;815;"Up"
"1140";"query_1";TRUE;0,000144964891806619;3245;672;163;0,242559523809524;0,050231124807396;"TF:M04698";"TF";"Factor: GABP-alpha; motif: CACTTCCGG";19958;2864;"Up"
"1141";"query_1";TRUE;0,000146994151425405;10755;1577;952;0,603677869372226;0,0885169688516969;"TF:M11427";"TF";"Factor: PEA3; motif: NACCGGAAGTN";19958;6502;"Up"
"1142";"query_1";TRUE;0,000159488365617198;3050;2482;472;0,19016921837228;0,154754098360656;"TF:M03923";"TF";"Factor: SP8; motif: RCCACGCCCMCY";19958;7902;"Up"
"1143";"query_1";TRUE;0,000162922075370995;7956;679;339;0,499263622974963;0,0426093514328808;"TF:M04714";"TF";"Factor: Elf-1; motif: ACTTCCGGG";19958;1692;"Up"
"1144";"query_1";TRUE;0,000163380417133829;8944;2271;1138;0,501100836635843;0,127236135957066;"TF:M07461";"TF";"Factor: KLF; motif: GGGNGGGG";19958;4596;"Up"
"1145";"query_1";TRUE;0,00016992719469663;6037;2429;850;0,349938246191848;0,140798409806195;"TF:M12227_1";"TF";"Factor: ZIC4; motif: NNCCNCCCRYNGYGN; match class: 1";19958;9361;"Up"
"1146";"query_1";TRUE;0,000171524773009496;902;1944;138;0,0709876543209877;0,152993348115299;"TF:M11277_1";"TF";"Factor: XBP-1; motif: NNTGACGTCAYN; match class: 1";19958;8995;"Up"
"1147";"query_1";TRUE;0,00017433543462282;2168;2464;348;0,141233766233766;0,160516605166052;"TF:M03896_1";"TF";"Factor: EGR1; motif: NACGCCCACGCANW; match class: 1";19958;1603;"Up"
"1148";"query_1";TRUE;0,000175519154493792;9426;2512;1312;0,522292993630573;0,139189475917675;"TF:M03895";"TF";"Factor: CTCF; motif: WGCGCCMYCTAGYGGYN";19958;1130;"Up"
"1149";"query_1";TRUE;0,000191227849353118;4453;2277;610;0,267896354852877;0,136986301369863;"TF:M12703_1";"TF";"Factor: ZNF383; motif: SSNGGGMGGNGSNGGS; match class: 1";19958;10101;"Up"
"1150";"query_1";TRUE;0,000196724331787692;5737;2288;768;0,335664335664336;0,133867875196096;"TF:M00470_1";"TF";"Factor: AP-2gamma; motif: GCCYNNGGS; match class: 1";19958;139;"Up"
"1151";"query_1";TRUE;0,0001980899550203;9968;2526;1387;0,549089469517023;0,139145264847512;"TF:M07261";"TF";"Factor: LKLF; motif: GGGGTGGKSN";19958;4762;"Up"
"1152";"query_1";TRUE;0,000200942182439395;2743;635;136;0,214173228346457;0,049580751002552;"TF:M11225";"TF";"Factor: CREM; motif: NNTGACGTCANN";19958;1084;"Up"
"1153";"query_1";TRUE;0,00020118216975233;11475;680;458;0,673529411764706;0,0399128540305011;"TF:M08377";"TF";"Factor: meis1:Elf-1; motif: NTGCCGGAAGTN";19958;5080;"Up"
"1154";"query_1";TRUE;0,000201365675160671;8893;679;371;0,54639175257732;0,0417182053300349;"TF:M11404";"TF";"Factor: Fli-1; motif: NACCGGAARTN";19958;2458;"Up"
"1155";"query_1";TRUE;0,000203005670756467;948;1582;122;0,0771175726927939;0,128691983122363;"TF:M11277";"TF";"Factor: XBP-1; motif: NNTGACGTCAYN";19958;8994;"Up"
"1156";"query_1";TRUE;0,000203455959340733;2180;642;115;0,179127725856698;0,0527522935779817;"TF:M11428_1";"TF";"Factor: PEA3; motif: NACCGGAAGTN; match class: 1";19958;6505;"Up"
"1157";"query_1";TRUE;0,000209243922118788;3903;176;65;0,369318181818182;0,0166538560081988;"TF:M11079";"TF";"Factor: SREBP-1; motif: RTCAGGTGAT";19958;7978;"Up"
"1158";"query_1";TRUE;0,000213186983655077;8462;679;356;0,524300441826215;0,0420704325218624;"TF:M03988";"TF";"Factor: FLI1; motif: ACCGGAARTN";19958;2436;"Up"
"1159";"query_1";TRUE;0,000215181179843097;2557;1592;275;0,172738693467337;0,107547907704341;"TF:M05386_1";"TF";"Factor: KLF17; motif: NGGGCGG; match class: 1";19958;4555;"Up"
"1160";"query_1";TRUE;0,000215181179843097;2557;1592;275;0,172738693467337;0,107547907704341;"TF:M05499_1";"TF";"Factor: LKLF; motif: NGGGCGG; match class: 1";19958;4757;"Up"
"1161";"query_1";TRUE;0,000216842270345943;15631;456;401;0,879385964912281;0,0256541488068582;"TF:M08313";"TF";"Factor: GCMa:PEA3; motif: ATRCGGGCGGAAGTR";19958;3038;"Up"
"1162";"query_1";TRUE;0,000222349256765281;4752;2146;612;0,285181733457596;0,128787878787879;"TF:M09603";"TF";"Factor: Egr-1; motif: NNNNNGYGKGGGNGGGNN";19958;1616;"Up"
"1163";"query_1";TRUE;0,0002309431542251;4820;2489;709;0,284853354760948;0,147095435684647;"TF:M12704_1";"TF";"Factor: ZNF432; motif: NCAGNRCCNSRGRCAGC; match class: 1";19958;10223;"Up"
"1164";"query_1";TRUE;0,00023645555870085;3316;965;223;0,231088082901554;0,0672496984318456;"TF:M11415";"TF";"Factor: GABP-alpha; motif: NRCCGGAAGTN";19958;2874;"Up"
"1165";"query_1";TRUE;0,000236468121130528;2571;1707;293;0,171646162858817;0,113963438350836;"TF:M12184";"TF";"Factor: KLF14; motif: NRCCACGCCCMCN";19958;4532;"Up"
"1166";"query_1";TRUE;0,000238758188406964;14243;2308;1754;0,759965337954939;0,12314821315734;"TF:M08225";"TF";"Factor: Elk-1:Pax-5; motif: ACCGGAACYACGCWTSANYG";19958;1818;"Up"
"1167";"query_1";TRUE;0,000243033716546311;7466;2199;937;0,426102773988176;0,125502276989017;"TF:M00245";"TF";"Factor: Egr-3; motif: NTGCGTGGGCGK";19958;1648;"Up"
"1168";"query_1";TRUE;0,000245449177414504;2136;679;118;0,173784977908689;0,0552434456928839;"TF:M11413";"TF";"Factor: ER71; motif: NACCGGAARTN";19958;2254;"Up"
"1169";"query_1";TRUE;0,000258896718887713;4974;679;230;0,338733431516937;0,0462404503417772;"TF:M11430_1";"TF";"Factor: PEA3; motif: NACCGGAAGTN; match class: 1";19958;6509;"Up"
"1170";"query_1";TRUE;0,000260241006238769;2366;642;122;0,190031152647975;0,05156382079459;"TF:M11425_1";"TF";"Factor: PEA3; motif: NACCGGAAGTN; match class: 1";19958;6501;"Up"
"1171";"query_1";TRUE;0,000262271241489778;12769;558;415;0,743727598566308;0,0325005873600125;"TF:M02065";"TF";"Factor: ER81; motif: RCCGGAARYN";19958;1946;"Up"
"1172";"query_1";TRUE;0,000270843361275766;10122;679;412;0,606774668630339;0,0407034182967793;"TF:M11400";"TF";"Factor: Fli-1; motif: NACCGGAARTN";19958;2452;"Up"
"1173";"query_1";TRUE;0,000274990394240103;4510;551;178;0,323049001814882;0,0394678492239468;"TF:M00025_1";"TF";"Factor: Elk-1; motif: NNNNCCGGAARTNN; match class: 1";19958;1833;"Up"
"1174";"query_1";TRUE;0,000287801905778766;10480;2210;1277;0,577828054298642;0,121851145038168;"TF:M00444";"TF";"Factor: VDR; motif: GGGKNARNRRGGWSA";19958;8926;"Up"
"1175";"query_1";TRUE;0,000289088287353294;6311;1707;638;0,373755125951963;0,101093329107907;"TF:M00244";"TF";"Factor: NGFI-C; motif: WTGCGTGGGYGG";19958;5756;"Up"
"1176";"query_1";TRUE;0,000291288589270967;2280;2020;305;0,150990099009901;0,133771929824561;"TF:M04193";"TF";"Factor: TFE3; motif: NNCACGTGAY";19958;8660;"Up"
"1177";"query_1";TRUE;0,000304855866390507;7731;1576;709;0,4498730964467;0,0917087052127797;"TF:M11448";"TF";"Factor: Elf-1; motif: NANGCGGAAGTN";19958;1708;"Up"
"1178";"query_1";TRUE;0,00030748912613196;2887;642;142;0,221183800623053;0,0491860062348459;"TF:M11424_1";"TF";"Factor: Erm; motif: NNSCGGAWGYN; match class: 1";19958;2053;"Up"
"1179";"query_1";TRUE;0,000321969551719497;7230;1389;595;0,428365730741541;0,0822959889349931;"TF:M07290";"TF";"Factor: GLI; motif: NGACCMCCCAN";19958;3168;"Up"
"1180";"query_1";TRUE;0,00032327230065868;2316;458;92;0,200873362445415;0,0397236614853195;"TF:M02066_1";"TF";"Factor: PEA3; motif: RCCGGAAGYN; match class: 1";19958;6497;"Up"
"1181";"query_1";TRUE;0,000323864941249987;1478;1856;197;0,10614224137931;0,133288227334235;"TF:M04194";"TF";"Factor: TFEB; motif: RNCACGTGAC";19958;8674;"Up"
"1182";"query_1";TRUE;0,000329807892845051;920;1944;139;0,0715020576131687;0,151086956521739;"TF:M11257_1";"TF";"Factor: AIBZIP; motif: NRTGACGTCAYN; match class: 1";19958;1027;"Up"
"1183";"query_1";TRUE;0,000332214673943277;11910;680;471;0,692647058823529;0,0395465994962217;"TF:M11435";"TF";"Factor: Elk-1; motif: NNCCGGAAGTN";19958;1852;"Up"
"1184";"query_1";TRUE;0,000337707039232592;883;2384;158;0,0662751677852349;0,178935447338618;"TF:M09974";"TF";"Factor: BTEB1; motif: GNRGKGGGCGTGGCC";19958;612;"Up"
"1185";"query_1";TRUE;0,000348151858100823;1959;816;127;0,155637254901961;0,0648289943848902;"TF:M07290_1";"TF";"Factor: GLI; motif: NGACCMCCCAN; match class: 1";19958;3169;"Up"
"1186";"query_1";TRUE;0,00034816472817397;1164;1844;161;0,0873101952277657;0,138316151202749;"TF:M12162";"TF";"Factor: KLF3; motif: GRCCACGCCCN";19958;4566;"Up"
"1187";"query_1";TRUE;0,000351417455604082;14056;562;450;0,800711743772242;0,0320147979510529;"TF:M04106";"TF";"Factor: RUNX2; motif: NRACCGCAAACCGCAN";19958;7344;"Up"
"1188";"query_1";TRUE;0,000356396019899163;9582;2405;1275;0,53014553014553;0,133061991233563;"TF:M12636";"TF";"Factor: MLLT10; motif: CYNNCCNNGGNGCTG";19958;5202;"Up"
"1189";"query_1";TRUE;0,000365236167919739;7878;1618;738;0,456118665018541;0,0936785986290937;"TF:M08952";"TF";"Factor: NF-KAPPAB1; motif: NGGKRNTTYCCCN";19958;5700;"Up"
"1190";"query_1";TRUE;0,000378866751546846;1198;653;74;0,113323124042879;0,0617696160267112;"TF:M07034_1";"TF";"Factor: ATF-1; motif: NNNTGACGTNNN; match class: 1";19958;273;"Up"
"1191";"query_1";TRUE;0,000384243984126834;468;2273;92;0,0404751429828421;0,196581196581197;"TF:M09651";"TF";"Factor: rfx2; motif: SNSSCSGTTGCCATGGNRACNG";19958;7200;"Up"
"1192";"query_1";TRUE;0,000423830567648138;1029;2047;158;0,0771861260381045;0,15354713313897;"TF:M01862_1";"TF";"Factor: ATF-2; motif: NNNTGACGTNAN; match class: 1";19958;293;"Up"
"1193";"query_1";TRUE;0,00043557236890086;212;417;19;0,0455635491606715;0,089622641509434;"TF:M04099_1";"TF";"Factor: RFX4; motif: NGTWRCCATGGYWACN; match class: 1";19958;7235;"Up"
"1194";"query_1";TRUE;0,000457879333023242;3215;679;161;0,237113402061856;0,0500777604976672;"TF:M11404_1";"TF";"Factor: Fli-1; motif: NACCGGAARTN; match class: 1";19958;2459;"Up"
"1195";"query_1";TRUE;0,000459534491765682;11688;1707;1100;0,644405389572349;0,094113620807666;"TF:M11066";"TF";"Factor: HES-7; motif: GNCACGYGNN";19958;3354;"Up"
"1196";"query_1";TRUE;0,000470455463432509;1482;2207;227;0,102854553692796;0,153171390013495;"TF:M04617_1";"TF";"Factor: LRF; motif: NGNAGNGGGTYN; match class: 1";19958;4795;"Up"
"1197";"query_1";TRUE;0,000470541663314959;635;318;30;0,0943396226415094;0,047244094488189;"TF:M03913";"TF";"Factor: KLF14; motif: NRCCACGCCCMCYN";19958;4528;"Up"
"1198";"query_1";TRUE;0,000471364435004259;1150;535;62;0,11588785046729;0,0539130434782609;"TF:M11254";"TF";"Factor: AIBZIP; motif: GRTGAYGTCAYC";19958;1020;"Up"
"1199";"query_1";TRUE;0,000471953481199829;12681;1675;1161;0,693134328358209;0,0915542938254081;"TF:M12598";"TF";"Factor: E2F3; motif: NNRGMKGGAR";19958;1492;"Up"
"1200";"query_1";TRUE;0,000478683668823427;6463;2433;901;0,370324702013974;0,139408943215225;"TF:M00237";"TF";"Factor: AhR:Arnt; motif: GRGKATYGCGTGMCWNSCC";19958;12;"Up"
"1201";"query_1";TRUE;0,000485282711631476;6274;2325;841;0,361720430107527;0,134045266177877;"TF:M09817_1";"TF";"Factor: PAX5; motif: RNGCGTGACCNN; match class: 1";19958;6391;"Up"
"1202";"query_1";TRUE;0,000486631714000809;6356;2485;905;0,364185110663984;0,142385147891756;"TF:M00246";"TF";"Factor: Egr-2; motif: NTGCGTRGGCGK";19958;1632;"Up"
"1203";"query_1";TRUE;0,000489417391764453;2028;1386;200;0,144300144300144;0,0986193293885602;"TF:M12643";"TF";"Factor: NFYB; motif: RGCCAATSRGNRNNNNSNG";19958;5738;"Up"
"1204";"query_1";TRUE;0,000521420446990961;1452;677;87;0,128508124076809;0,0599173553719008;"TF:M11436";"TF";"Factor: SAP-1; motif: NRNCGGAWRYN";19958;1878;"Up"
"1205";"query_1";TRUE;0,000538364258303043;1343;2468;229;0,0927876823338736;0,170513775130305;"TF:M12166";"TF";"Factor: CPBP; motif: NGCCACGCCCN";19958;944;"Up"
"1206";"query_1";TRUE;0,000542053708823318;845;1944;129;0,066358024691358;0,152662721893491;"TF:M11226_1";"TF";"Factor: ATF-6; motif: GRTGACGTCAYC; match class: 1";19958;355;"Up"
"1207";"query_1";TRUE;0,000548406396426864;18905;865;849;0,98150289017341;0,0449087542978048;"TF:M01822_1";"TF";"Factor: CPBP; motif: SNCCCNN; match class: 1";19958;949;"Up"
"1208";"query_1";TRUE;0,000555790671622099;10305;2286;1296;0,566929133858268;0,125764192139738;"TF:M01835_1";"TF";"Factor: GKLF; motif: CCTCCYN; match class: 1";19958;3163;"Up"
"1209";"query_1";TRUE;0,000563603833102608;7928;2262;1012;0,447391688770999;0,127648839556004;"TF:M11883_1";"TF";"Factor: pax-6; motif: NYACGCNTSRNYGCNYN; match class: 1";19958;6407;"Up"
"1210";"query_1";TRUE;0,000567865839321632;4480;1939;527;0,271789582258896;0,117633928571429;"TF:M00807";"TF";"Factor: Egr; motif: GTGGGSGCRRS";19958;1670;"Up"
"1211";"query_1";TRUE;0,000572727307046348;8181;1649;775;0,469981807155852;0,0947316953917614;"TF:M07380_1";"TF";"Factor: E2F-4; motif: NTTTCSCGCC; match class: 1";19958;1515;"Up"
"1212";"query_1";TRUE;0,000582128044599721;1260;628;74;0,117834394904459;0,0587301587301587;"TF:M01864_1";"TF";"Factor: ATF-4; motif: KACGTCAKS; match class: 1";19958;339;"Up"
"1213";"query_1";TRUE;0,000584783559240609;586;551;40;0,0725952813067151;0,068259385665529;"TF:M12188_1";"TF";"Factor: KLF17; motif: NGMCMCRCCCTN; match class: 1";19958;4559;"Up"
"1214";"query_1";TRUE;0,000586749286823236;797;1944;123;0,0632716049382716;0,154328732747804;"TF:M11251";"TF";"Factor: Luman; motif: NRTGACGTCAYN";19958;1042;"Up"
"1215";"query_1";TRUE;0,000616074310829015;5674;2390;787;0,32928870292887;0,138702855128657;"TF:M12345";"TF";"Factor: Zbtb37; motif: NYACCGCRNTCACCGCR";19958;9122;"Up"
"1216";"query_1";TRUE;0,000620014538703528;6377;1576;596;0,378172588832487;0,0934608750196017;"TF:M11452";"TF";"Factor: Elf-1; motif: NANGCGGAAGTR";19958;1716;"Up"
"1217";"query_1";TRUE;0,000623991110786038;5506;2482;793;0,319500402900886;0,144024700326916;"TF:M12660";"TF";"Factor: SATB2; motif: GSCGCTGTCCNNGGTGCTGN";19958;7438;"Up"
"1218";"query_1";TRUE;0,000646604707163837;2257;1677;256;0,152653548002385;0,113424900310146;"TF:M12313_1";"TF";"Factor: ZNF460; motif: NNACNCCCCCCNN; match class: 1";19958;10333;"Up"
"1219";"query_1";TRUE;0,000673894156047926;5878;1681;588;0,349791790600833;0,100034025178632;"TF:M04896";"TF";"Factor: AP-2alpha; motif: NNNGSCCTGRGGSN";19958;8552;"Up"
"1220";"query_1";TRUE;0,000693703950634634;2360;853;151;0,177022274325909;0,0639830508474576;"TF:M03981";"TF";"Factor: ETV3; motif: ACCGGAAGTN";19958;2258;"Up"
"1221";"query_1";TRUE;0,000724687751827983;2422;1840;294;0,159782608695652;0,121387283236994;"TF:M00245_1";"TF";"Factor: Egr-3; motif: NTGCGTGGGCGK; match class: 1";19958;1649;"Up"
"1222";"query_1";TRUE;0,000734051631476679;4627;1677;475;0,283243887895051;0,102658309920035;"TF:M11285_1";"TF";"Factor: Fra-1; motif: GRTGACGTCATC; match class: 1";19958;2487;"Up"
"1223";"query_1";TRUE;0,000754033398538266;12253;1976;1317;0,666497975708502;0,107483881498409;"TF:M08457";"TF";"Factor: ER71:SREBP-2; motif: NTSACGTGACGGAARY";19958;2242;"Up"
"1224";"query_1";TRUE;0,000757774999854182;8684;2482;1198;0,482675261885576;0,137954859511746;"TF:M01199";"TF";"Factor: RNF96; motif: BCCCGCRGCC";19958;7282;"Up"
"1225";"query_1";TRUE;0,000758235812207117;850;1944;129;0,066358024691358;0,151764705882353;"TF:M12700_1";"TF";"Factor: ZNF295; motif: RTGACGTCAN; match class: 1";19958;9881;"Up"
"1226";"query_1";TRUE;0,000762882790629712;4421;1504;414;0,275265957446808;0,093643971952047;"TF:M00448_1";"TF";"Factor: Zic1; motif: KGGGTGGTC; match class: 1";19958;9335;"Up"
"1227";"query_1";TRUE;0,000775455246224412;3751;679;181;0,266568483063328;0,0482537989869368;"TF:M01752_1";"TF";"Factor: ERG; motif: ACCGGAART; match class: 1";19958;2013;"Up"
"1228";"query_1";TRUE;0,000781343549952966;785;2047;126;0,0615534929164631;0,160509554140127;"TF:M11304";"TF";"Factor: batf3; motif: NRTGAYGTCAYN";19958;446;"Up"
"1229";"query_1";TRUE;0,000783332984043902;867;1944;131;0,0673868312757202;0,151095732410611;"TF:M11226";"TF";"Factor: ATF-6; motif: GRTGACGTCAYC";19958;354;"Up"
"1230";"query_1";TRUE;0,000799014353735683;12603;1144;802;0,701048951048951;0,0636356423073871;"TF:M04107";"TF";"Factor: RUNX2; motif: WRACCGCANWAACCGCAN";19958;7346;"Up"
"1231";"query_1";TRUE;0,000805340053392008;10951;679;437;0,64359351988218;0,0399050315039722;"TF:M11396";"TF";"Factor: Erg; motif: NACCGGAARTN";19958;2036;"Up"
"1232";"query_1";TRUE;0,000836982421964488;7299;1425;611;0,428771929824561;0,0837100972735991;"TF:M09918_1";"TF";"Factor: Pet-1; motif: GCNGGAAGYG; match class: 1";19958;6531;"Up"
"1233";"query_1";TRUE;0,000843612579785795;1186;2047;176;0,0859794821690278;0,148397976391231;"TF:M07312_1";"TF";"Factor: ATF-2; motif: NNTGACGTCAN; match class: 1";19958;295;"Up"
"1234";"query_1";TRUE;0,000872883560033882;873;2047;137;0,0669272105520274;0,156930126002291;"TF:M02279_1";"TF";"Factor: CREB1; motif: TGACGTCA; match class: 1";19958;957;"Up"
"1235";"query_1";TRUE;0,000879227807180813;762;1944;118;0,0606995884773663;0,154855643044619;"TF:M11305";"TF";"Factor: batf3; motif: NRTGACGTCAYN";19958;448;"Up"
"1236";"query_1";TRUE;0,000879227807180813;762;1944;118;0,0606995884773663;0,154855643044619;"TF:M11305_1";"TF";"Factor: batf3; motif: NRTGACGTCAYN; match class: 1";19958;449;"Up"
"1237";"query_1";TRUE;0,000909152426298893;861;1944;130;0,0668724279835391;0,150987224157956;"TF:M11231_1";"TF";"Factor: CREBL1; motif: GRTGACGTCAYC; match class: 1";19958;345;"Up"
"1238";"query_1";TRUE;0,000912678335424653;3995;2482;593;0,238920225624496;0,148435544430538;"TF:M08980_1";"TF";"Factor: VDR:RXR-ALPHA; motif: NRGGTCANNNGGTTCNN; match class: 1";19958;8915;"Up"
"1239";"query_1";TRUE;0,000915128815626148;2028;1856;254;0,136853448275862;0,125246548323471;"TF:M10100_1";"TF";"Factor: TFEA; motif: RGTCACGTGA; match class: 1";19958;8667;"Up"
"1240";"query_1";TRUE;0,000944592681774453;11168;520;347;0,667307692307692;0,0310709169054441;"TF:M04950";"TF";"Factor: Egr-1; motif: NGCGTGCGY";19958;1610;"Up"
"1241";"query_1";TRUE;0,000947139566559179;9477;2425;1268;0,522886597938144;0,133797615279097;"TF:M00115";"TF";"Factor: Tax/CREB; motif: RTGACGCATAYCCCC";19958;8192;"Up"
"1242";"query_1";TRUE;0,000972642098541986;2508;1938;316;0,163054695562436;0,125996810207337;"TF:M12726_1";"TF";"Factor: PURBETA; motif: NCWGRGGCTGGGG; match class: 1";19958;7035;"Up"
"1243";"query_1";TRUE;0,00101077995552948;3287;489;124;0,253578732106339;0,0377243687252814;"TF:M09641";"TF";"Factor: NRF-1; motif: SYGCGCMTGCGCRNNGSN";19958;6032;"Up"
"1244";"query_1";TRUE;0,00104816086594102;2389;672;125;0,186011904761905;0,0523231477605693;"TF:M08760";"TF";"Factor: ETV7; motif: NNSCGGAAGTR";19958;2312;"Up"
"1245";"query_1";TRUE;0,00106506981543937;2044;674;111;0,164688427299703;0,0543052837573385;"TF:M11313_1";"TF";"Factor: CREBPA; motif: NRTGACGTMANN; match class: 1";19958;1049;"Up"
"1246";"query_1";TRUE;0,00109248118560995;2429;642;122;0,190031152647975;0,0502264306298888;"TF:M02063_1";"TF";"Factor: c-ets-1; motif: ACCGGAWGTN; match class: 1";19958;817;"Up"
"1247";"query_1";TRUE;0,00109649193113601;2933;1947;363;0,186440677966102;0,123764064098193;"TF:M07313";"TF";"Factor: ATF-3; motif: SNTGACGYNATN";19958;314;"Up"
"1248";"query_1";TRUE;0,00110472693082466;2982;679;150;0,220913107511046;0,0503018108651912;"TF:M03988_1";"TF";"Factor: FLI1; motif: ACCGGAARTN; match class: 1";19958;2437;"Up"
"1249";"query_1";TRUE;0,00113308065010855;998;1944;146;0,0751028806584362;0,146292585170341;"TF:M11257";"TF";"Factor: AIBZIP; motif: NRTGACGTCAYN";19958;1026;"Up"
"1250";"query_1";TRUE;0,00116738157252527;2385;1967;306;0,15556685307575;0,128301886792453;"TF:M12682";"TF";"Factor: USF2; motif: NNNSSYCACGTGACNNNNNNNNNSCN";19958;8882;"Up"
"1251";"query_1";TRUE;0,00117910541088956;4770;679;219;0,322533136966127;0,0459119496855346;"TF:M03977_1";"TF";"Factor: ETS1; motif: ACCGGAARYN; match class: 1";19958;2165;"Up"
"1252";"query_1";TRUE;0,00120402363386033;10337;2471;1396;0,564953460137596;0,135048853632582;"TF:M10008";"TF";"Factor: CSX; motif: NKRAGWGS";19958;5802;"Up"
"1253";"query_1";TRUE;0,00120650470265562;8728;2363;1147;0,485399915361828;0,131416131989001;"TF:M00033";"TF";"Factor: p300; motif: NNNGGGAGTNNNNS";19958;6262;"Up"
"1254";"query_1";TRUE;0,00121164816043549;882;1944;132;0,0679012345679012;0,149659863945578;"TF:M11298_1";"TF";"Factor: jdp2; motif: NRTGACGTCAYN; match class: 1";19958;4433;"Up"
"1255";"query_1";TRUE;0,00122488106266176;3489;1962;425;0,216615698267074;0,121811407280023;"TF:M08952_1";"TF";"Factor: NF-KAPPAB1; motif: NGGKRNTTYCCCN; match class: 1";19958;5701;"Up"
"1256";"query_1";TRUE;0,00130411646577694;1580;1856;205;0,110452586206897;0,129746835443038;"TF:M11096";"TF";"Factor: USF2; motif: NNCACGTGACN";19958;8878;"Up"
"1257";"query_1";TRUE;0,00131471155450928;2117;654;111;0,169724770642202;0,0524326877657062;"TF:M11307";"TF";"Factor: ATF-2; motif: NNTGACGTMANN";19958;282;"Up"
"1258";"query_1";TRUE;0,00132105108396207;977;1572;121;0,076972010178117;0,123848515864893;"TF:M09866_1";"TF";"Factor: ATF-1; motif: NNRTGACGYMA; match class: 1";19958;271;"Up"
"1259";"query_1";TRUE;0,00135539089910634;12203;701;491;0,700427960057061;0,0402360075391297;"TF:M02090";"TF";"Factor: E2F-4; motif: GCGGGAAANA";19958;1516;"Up"
"1260";"query_1";TRUE;0,00135614732135665;3677;2311;515;0,222847252271744;0,140059831384281;"TF:M12686";"TF";"Factor: ZBTB10; motif: TGGGGTGCNS";19958;9070;"Up"
"1261";"query_1";TRUE;0,00135835792521401;5297;1681;534;0,317668054729328;0,100811780252973;"TF:M09590";"TF";"Factor: AP-2alpha; motif: NTNSCCTGRGGSNAN";19958;8556;"Up"
"1262";"query_1";TRUE;0,00136578869805324;5333;2030;638;0,314285714285714;0,119632477029814;"TF:M12057";"TF";"Factor: ZBP99; motif: GCCCMTCCCCCR";19958;9260;"Up"
"1263";"query_1";TRUE;0,00139008272781355;5213;1683;527;0,313131313131313;0,101093420295415;"TF:M01660_1";"TF";"Factor: GABP-alpha; motif: CTTCCK; match class: 1";19958;2879;"Up"
"1264";"query_1";TRUE;0,00139069923137089;785;1944;120;0,0617283950617284;0,152866242038217;"TF:M11251_1";"TF";"Factor: Luman; motif: NRTGACGTCAYN; match class: 1";19958;1043;"Up"
"1265";"query_1";TRUE;0,00141913927058656;1398;665;82;0,123308270676692;0,0586552217453505;"TF:M10169";"TF";"Factor: ZNF76; motif: RNNGCMTKCTGGGARNTGTAGT";19958;11244;"Up"
"1266";"query_1";TRUE;0,00143148737370149;3890;2485;578;0,232595573440644;0,148586118251928;"TF:M12139";"TF";"Factor: Egr-1; motif: NMCRCCCMCNCNN";19958;1622;"Up"
"1267";"query_1";TRUE;0,00150672204850697;8311;558;290;0,519713261648746;0,0348935146191794;"TF:M09904";"TF";"Factor: Elk-1; motif: RCCGGAAGTGN";19958;1844;"Up"
"1268";"query_1";TRUE;0,00152311852239619;1083;653;67;0,10260336906585;0,061865189289012;"TF:M11231";"TF";"Factor: CREBL1; motif: GRTGACGTCAYC";19958;344;"Up"
"1269";"query_1";TRUE;0,00152721292316967;9395;1833;964;0,525913802509547;0,102607770090474;"TF:M09892_1";"TF";"Factor: E2F-1; motif: NNNNGGCGGGAARN; match class: 1";19958;1439;"Up"
"1270";"query_1";TRUE;0,00152828826971398;3811;428;124;0,289719626168224;0,0325373917606927;"TF:M02059_1";"TF";"Factor: ELK-1; motif: ACCGGAAGTN; match class: 1";19958;1839;"Up"
"1271";"query_1";TRUE;0,00156221170100192;4890;2467;705;0,285772192946899;0,144171779141104;"TF:M10056";"TF";"Factor: DRRS; motif: GNNGGGWGGG";19958;1390;"Up"
"1272";"query_1";TRUE;0,00157590705693041;11709;2442;1545;0,632678132678133;0,131949782218806;"TF:M11399_1";"TF";"Factor: Fli-1; motif: NACCGGAWWTCCGGTY; match class: 1";19958;2451;"Up"
"1273";"query_1";TRUE;0,00168832757277379;1819;2075;253;0,121927710843373;0,139087410665201;"TF:M04196";"TF";"Factor: USF1; motif: RNCACGTGAY";19958;8852;"Up"
"1274";"query_1";TRUE;0,00172518697459385;1300;2401;215;0,0895460224906289;0,165384615384615;"TF:M06190_1";"TF";"Factor: ZXDA; motif: NGGGGTC; match class: 1";19958;11629;"Up"
"1275";"query_1";TRUE;0,00172518697459385;1300;2401;215;0,0895460224906289;0,165384615384615;"TF:M06191_1";"TF";"Factor: ZXDB; motif: NGGGGTC; match class: 1";19958;11633;"Up"
"1276";"query_1";TRUE;0,00177775058920785;14561;1514;1185;0,782694848084544;0,0813817732298606;"TF:M11417";"TF";"Factor: c-Ets-2; motif: NACCGGAAGYRCTTCCGGTN";19958;2178;"Up"
"1277";"query_1";TRUE;0,00179061650885779;11107;876;558;0,636986301369863;0,0502385882776627;"TF:M11058_1";"TF";"Factor: Hey1; motif: NGCRCGYGYN; match class: 1";19958;3371;"Up"
"1278";"query_1";TRUE;0,00180661412113499;2919;1672;315;0,188397129186603;0,107913669064748;"TF:M11223";"TF";"Factor: CREB1; motif: NRTGACGTCANN";19958;980;"Up"
"1279";"query_1";TRUE;0,0018229039577617;748;1944;115;0,059156378600823;0,153743315508021;"TF:M11304_1";"TF";"Factor: batf3; motif: NRTGAYGTCAYN; match class: 1";19958;447;"Up"
"1280";"query_1";TRUE;0,00184835467001514;9017;1950;984;0,504615384615385;0,109127204169901;"TF:M03811";"TF";"Factor: AP-2gamma; motif: GCCYNCRGSN";19958;144;"Up"
"1281";"query_1";TRUE;0,00187007214853943;9663;2299;1224;0,532405393649413;0,126668736417262;"TF:M09910";"TF";"Factor: ER-beta; motif: RGGTCASCNTGMCCY";19958;2108;"Up"
"1282";"query_1";TRUE;0,00188014037724526;1851;2404;291;0,121048252911814;0,157212317666126;"TF:M12086";"TF";"Factor: ZNF501; motif: NNGCGACGCGAACAN";19958;10418;"Up"
"1283";"query_1";TRUE;0,00189105557110597;6186;2271;807;0,355350066050198;0,130455868089234;"TF:M12489";"TF";"Factor: KLF4; motif: NNCCCCACCCNN";19958;4580;"Up"
"1284";"query_1";TRUE;0,00191065170001095;3022;2283;427;0,187034603591765;0,141297154202515;"TF:M01219_1";"TF";"Factor: SP1:SP3; motif: CCSCCCCCYCC; match class: 1";19958;7815;"Up"
"1285";"query_1";TRUE;0,00192546612941718;2803;1672;304;0,181818181818182;0,10845522654299;"TF:M11223_1";"TF";"Factor: CREB1; motif: NRTGACGTCANN; match class: 1";19958;981;"Up"
"1286";"query_1";TRUE;0,00196264113917523;1616;535;77;0,14392523364486;0,0476485148514851;"TF:M11298";"TF";"Factor: jdp2; motif: NRTGACGTCAYN";19958;4432;"Up"
"1287";"query_1";TRUE;0,00204829979321728;13871;827;637;0,770253929866989;0,0459231490159325;"TF:M11393_1";"TF";"Factor: Erg; motif: NACCGGATATCCGGTN; match class: 1";19958;2031;"Up"
"1288";"query_1";TRUE;0,00206997454131762;5045;679;228;0,335787923416789;0,045193260654113;"TF:M11396_1";"TF";"Factor: Erg; motif: NACCGGAARTN; match class: 1";19958;2037;"Up"
"1289";"query_1";TRUE;0,0021008533823035;1331;1582;155;0,0979772439949431;0,116453794139745;"TF:M12700";"TF";"Factor: ZNF295; motif: RTGACGTCAN";19958;9880;"Up"
"1290";"query_1";TRUE;0,0021435100163212;10964;906;569;0,6280353200883;0,0518971178402043;"TF:M07250";"TF";"Factor: E2F-1; motif: NNNSSCGCSAANN";19958;1450;"Up"
"1291";"query_1";TRUE;0,00220555098370634;18119;2067;1935;0,936139332365747;0,106793973177328;"TF:M00378";"TF";"Factor: Pax-4; motif: NNNNNYCACCCB";19958;6350;"Up"
"1292";"query_1";TRUE;0,0022084377056015;759;1944;116;0,0596707818930041;0,152832674571805;"TF:M11254_1";"TF";"Factor: AIBZIP; motif: GRTGAYGTCAYC; match class: 1";19958;1021;"Up"
"1293";"query_1";TRUE;0,00225182892905881;2361;2487;370;0,148773622838762;0,156713257094451;"TF:M00665_1";"TF";"Factor: Sp3; motif: ASMCTTGGGSRGGG; match class: 1";19958;7883;"Up"
"1294";"query_1";TRUE;0,00230633823950958;4194;1099;297;0,27024567788899;0,0708154506437768;"TF:M08993_1";"TF";"Factor: ZNF777; motif: GTCCGYCCCGTCSAACAAT; match class: 1";19958;11295;"Up"
"1295";"query_1";TRUE;0,00230682060936386;8803;2274;1112;0,489006156552331;0,126320572532091;"TF:M12593";"TF";"Factor: CTCF; motif: NNRSYGCCMCCTGSTGGCCN";19958;1150;"Up"
"1296";"query_1";TRUE;0,00236927475155106;12275;2305;1524;0,66117136659436;0,124154786150713;"TF:M11595";"TF";"Factor: GCMa; motif: RTGCGGGTN";19958;3074;"Up"
"1297";"query_1";TRUE;0,00245695741659098;988;1672;127;0,0759569377990431;0,128542510121457;"TF:M11296_1";"TF";"Factor: jdp2; motif: NRTGAYGTCAYN; match class: 1";19958;4429;"Up"
"1298";"query_1";TRUE;0,00252489428978482;944;1944;138;0,0709876543209877;0,146186440677966;"TF:M11275_1";"TF";"Factor: XBP-1; motif: SRTGAYGTCAYS; match class: 1";19958;8991;"Up"
"1299";"query_1";TRUE;0,00255605293053209;2292;683;121;0,177159590043924;0,0527923211169284;"TF:M11433_1";"TF";"Factor: Elk-1; motif: NRCCGGAAGTN; match class: 1";19958;1849;"Up"
"1300";"query_1";TRUE;0,00256955243194654;6105;1866;664;0,355841371918542;0,108763308763309;"TF:M08885";"TF";"Factor: HAIRYLIKE; motif: NNNNCANGTG";19958;3300;"Up"
"1301";"query_1";TRUE;0,00257831206926936;2800;2275;397;0,174505494505495;0,141785714285714;"TF:M09739_1";"TF";"Factor: ZGPAT; motif: GRGGCWGNGGNG; match class: 1";19958;9333;"Up"
"1302";"query_1";TRUE;0,00281048866436323;6234;1117;423;0,378692927484333;0,0678537054860443;"TF:M08877";"TF";"Factor: EGR3; motif: NCMCRCCCACTNMN";19958;1660;"Up"
"1303";"query_1";TRUE;0,00283045078625489;9145;1590;821;0,516352201257862;0,0897758337889557;"TF:M00428";"TF";"Factor: E2F-1; motif: NKTSSCGC";19958;1444;"Up"
"1304";"query_1";TRUE;0,00283887168939508;4066;553;160;0,289330922242315;0,0393507132316773;"TF:M03975_1";"TF";"Factor: ERG; motif: ACCGGAARTN; match class: 1";19958;2017;"Up"
"1305";"query_1";TRUE;0,00286958174003667;12206;2485;1629;0,655533199195171;0,133458954612486;"TF:M11397";"TF";"Factor: Erg; motif: NACCGGATATCCGGTN";19958;2038;"Up"
"1306";"query_1";TRUE;0,00293516880576712;9258;2526;1285;0,508709422011085;0,138798876647224;"TF:M01721";"TF";"Factor: PUR1; motif: GGGNCAGNN";19958;7032;"Up"
"1307";"query_1";TRUE;0,00297167003410324;8596;2507;1192;0,475468687674511;0,138669148441135;"TF:M01047";"TF";"Factor: AP-2alphaA; motif: ANMGCCTNAGGCKNT";19958;130;"Up"
"1308";"query_1";TRUE;0,00297167003410324;8596;2507;1192;0,475468687674511;0,138669148441135;"TF:M01047_1";"TF";"Factor: AP-2alphaA; motif: ANMGCCTNAGGCKNT; match class: 1";19958;131;"Up"
"1309";"query_1";TRUE;0,00302306000096656;7533;558;266;0,476702508960573;0,0353112969600425;"TF:M11425";"TF";"Factor: PEA3; motif: NACCGGAAGTN";19958;6500;"Up"
"1310";"query_1";TRUE;0,00303640932917713;10247;1654;943;0,570133010882709;0,0920269347125988;"TF:M02052";"TF";"Factor: EHF; motif: CSCGGAARTN";19958;1672;"Up"
"1311";"query_1";TRUE;0,0033854519925317;8830;2271;1112;0,489652135623074;0,125934314835787;"TF:M10477_1";"TF";"Factor: ZNF436; motif: TCCTCCAGGAAGCCY; match class: 1";19958;10239;"Up"
"1312";"query_1";TRUE;0,00343802002345218;1442;2425;235;0,0969072164948454;0,162968099861304;"TF:M12691";"TF";"Factor: ZBTB44; motif: NTCAGCACCNNGGACAGCGSCN";19958;9158;"Up"
"1313";"query_1";TRUE;0,00344854325542343;3928;997;257;0,25777331995988;0,0654276985743381;"TF:M11402";"TF";"Factor: Fli-1; motif: NACCGGAARTN";19958;2456;"Up"
"1314";"query_1";TRUE;0,00346375638479586;7571;2390;1014;0,424267782426778;0,133932109364681;"TF:M08523_1";"TF";"Factor: E2F-1:TBR2; motif: NGGTGNNANGGCGCNNTNNCRNNN; match class: 1";19958;1429;"Up"
"1315";"query_1";TRUE;0,00369912431575775;868;1770;119;0,0672316384180791;0,137096774193548;"TF:M04196_1";"TF";"Factor: USF1; motif: RNCACGTGAY; match class: 1";19958;8853;"Up"
"1316";"query_1";TRUE;0,0037227180748192;7479;2257;950;0,420912715994683;0,127022329188394;"TF:M00938";"TF";"Factor: E2F-1; motif: TTGGCGCGRAANNGNM";19958;1446;"Up"
"1317";"query_1";TRUE;0,00392131408107246;2703;428;94;0,219626168224299;0,0347761746207917;"TF:M04714_1";"TF";"Factor: Elf-1; motif: ACTTCCGGG; match class: 1";19958;1693;"Up"
"1318";"query_1";TRUE;0,0039253189817487;12711;1707;1177;0,689513766842414;0,0925969632601684;"TF:M11052";"TF";"Factor: Hey2; motif: NNCACGYGNN";19958;3378;"Up"
"1319";"query_1";TRUE;0,00423137406109002;9638;2173;1154;0,531063046479521;0,119734384727122;"TF:M00518";"TF";"Factor: PPARalpha:RXRalpha; motif: NNRGGTCATWGGGGTSANG";19958;6868;"Up"
"1320";"query_1";TRUE;0,00424948431230881;6440;1483;562;0,378961564396494;0,0872670807453416;"TF:M07041_1";"TF";"Factor: HDAC1; motif: KGCARGGTC; match class: 1";19958;3311;"Up"
"1321";"query_1";TRUE;0,00433946472619283;2740;2283;389;0,170389837932545;0,141970802919708;"TF:M01175_1";"TF";"Factor: CKROX; motif: SCCCTCCCC; match class: 1";19958;851;"Up"
"1322";"query_1";TRUE;0,00435852194060658;7671;679;321;0,472754050073638;0,0418459131795072;"TF:M01078";"TF";"Factor: c-Ets-1; motif: NNNRCCGGAWRYNNNN";19958;814;"Up"
"1323";"query_1";TRUE;0,00442034335599477;1971;654;103;0,157492354740061;0,052257737189244;"TF:M11307_1";"TF";"Factor: ATF-2; motif: NNTGACGTMANN; match class: 1";19958;283;"Up"
"1324";"query_1";TRUE;0,00443298761776533;6282;2188;787;0,359689213893967;0,125278573702642;"TF:M11480";"TF";"Factor: AP-2alpha; motif: NGCCTSAGGCN";19958;8560;"Up"
"1325";"query_1";TRUE;0,00445793434064268;1737;1927;226;0,117280747275558;0,130109383995394;"TF:M09606_1";"TF";"Factor: nerf; motif: NRRNSCGGAAGNRNNNN; match class: 1";19958;1733;"Up"
"1326";"query_1";TRUE;0,00494349438125084;741;1046;70;0,0669216061185468;0,0944669365721997;"TF:M11460";"TF";"Factor: nerf; motif: NANSCGGAAGTN";19958;1740;"Up"
"1327";"query_1";TRUE;0,00497797486708163;10220;1387;795;0,573179524152848;0,0777886497064579;"TF:M12704";"TF";"Factor: ZNF432; motif: NCAGNRCCNSRGRCAGC";19958;10222;"Up"
"1328";"query_1";TRUE;0,00499529104342505;2273;1645;248;0,150759878419453;0,109106907171139;"TF:M03852_1";"TF";"Factor: SREBP-2; motif: NTCACCYNNNN; match class: 1";19958;8011;"Up"
"1329";"query_1";TRUE;0,00510958818951061;14258;2513;1894;0,753680859530442;0,132837705147987;"TF:M11417_1";"TF";"Factor: c-Ets-2; motif: NACCGGAAGYRCTTCCGGTN; match class: 1";19958;2179;"Up"
"1330";"query_1";TRUE;0,00516757529139305;4942;686;224;0,326530612244898;0,0453257790368272;"TF:M02070_1";"TF";"Factor: TEL1; motif: CNCGGAANNN; match class: 1";19958;8543;"Up"
"1331";"query_1";TRUE;0,00532037414841178;1279;2356;206;0,0874363327674024;0,161063330727131;"TF:M12648_1";"TF";"Factor: PATZ1; motif: SCNCCNCNSCCCCCASCCN; match class: 1";19958;6313;"Up"
"1332";"query_1";TRUE;0,00533995502945505;6366;1412;531;0,376062322946176;0,0834118755890669;"TF:M11061";"TF";"Factor: HES-1; motif: GGCRCGTGNC";19958;3332;"Up"
"1333";"query_1";TRUE;0,005357811844233;2414;672;123;0,183035714285714;0,0509527754763877;"TF:M09608_1";"TF";"Factor: Erg; motif: NNACCGGAARTSN; match class: 1";19958;2021;"Up"
"1334";"query_1";TRUE;0,00539181214381225;3058;2170;409;0,188479262672811;0,133747547416612;"TF:M00518_1";"TF";"Factor: PPARalpha:RXRalpha; motif: NNRGGTCATWGGGGTSANG; match class: 1";19958;6869;"Up"
"1335";"query_1";TRUE;0,00545598057373622;9600;679;387;0,569955817378498;0,0403125;"TF:M01752";"TF";"Factor: ERG; motif: ACCGGAART";19958;2012;"Up"
"1336";"query_1";TRUE;0,00551757615536931;1316;1015;106;0,104433497536946;0,0805471124620061;"TF:M11406";"TF";"Factor: Pet-1; motif: NACCGGAAGTN";19958;2386;"Up"
"1337";"query_1";TRUE;0,0055761540220441;1893;1572;204;0,129770992366412;0,107765451664025;"TF:M01863";"TF";"Factor: ATF-3; motif: RTKRCGTCANN";19958;312;"Up"
"1338";"query_1";TRUE;0,00561734121261539;6966;1669;671;0,40203714799281;0,0963250071777204;"TF:M01118";"TF";"Factor: WT1; motif: SMCNCCNSC";19958;8976;"Up"
"1339";"query_1";TRUE;0,00573619565336094;2210;1894;273;0,144139387539599;0,123529411764706;"TF:M10105";"TF";"Factor: USF1; motif: NGTCACGTGRNS";19958;8856;"Up"
"1340";"query_1";TRUE;0,00586168306381523;2890;1673;309;0,184698147041243;0,106920415224913;"TF:M10529_1";"TF";"Factor: Sp1; motif: RGGGMGGRGSNGGGG; match class: 1";19958;7833;"Up"
"1341";"query_1";TRUE;0,00595716156492453;7779;642;308;0,479750778816199;0,039593778120581;"TF:M11433";"TF";"Factor: Elk-1; motif: NRCCGGAAGTN";19958;1848;"Up"
"1342";"query_1";TRUE;0,00599961606833037;1044;1672;131;0,0783492822966507;0,125478927203065;"TF:M11224_1";"TF";"Factor: CREM; motif: NRTGATGTCAYN; match class: 1";19958;1083;"Up"
"1343";"query_1";TRUE;0,00602962194030456;4187;1938;488;0,251805985552116;0,116551229997612;"TF:M07261_1";"TF";"Factor: LKLF; motif: GGGGTGGKSN; match class: 1";19958;4763;"Up"
"1344";"query_1";TRUE;0,00613817727885299;4241;1668;431;0,258393285371703;0,101626974770101;"TF:M00649_1";"TF";"Factor: MAZ; motif: GGGGAGGG; match class: 1";19958;4995;"Up"
"1345";"query_1";TRUE;0,00620699955212685;387;652;32;0,049079754601227;0,082687338501292;"TF:M10102";"TF";"Factor: THAP11; motif: KGCMTKCTGGGARTTGTAGTYY";19958;8734;"Up"
"1346";"query_1";TRUE;0,00634703462258924;1042;1582;125;0,0790139064475348;0,119961612284069;"TF:M11306_1";"TF";"Factor: ATF-2; motif: NRTGAYGTMAYN; match class: 1";19958;281;"Up"
"1347";"query_1";TRUE;0,0063543233133216;9067;1959;988;0,504338948443083;0,108966582110952;"TF:M06948";"TF";"Factor: Sp2; motif: TGGGCGCGCCCA";19958;7858;"Up"
"1348";"query_1";TRUE;0,00640252184931402;4741;679;214;0,315169366715758;0,045138156507066;"TF:M11422";"TF";"Factor: Erm; motif: NRCMGGAAGTN";19958;2048;"Up"
"1349";"query_1";TRUE;0,00644998236892931;243;145;11;0,0758620689655172;0,0452674897119342;"TF:M12172_1";"TF";"Factor: LKLF; motif: NRCCACRCCCN; match class: 1";19958;4761;"Up"
"1350";"query_1";TRUE;0,00654888601370002;1732;1672;199;0,119019138755981;0,114896073903002;"TF:M11220_1";"TF";"Factor: CREB1; motif: NNTGACGTCANN; match class: 1";19958;975;"Up"
"1351";"query_1";TRUE;0,00661133457698029;2791;557;118;0,211849192100539;0,042278753135077;"TF:M09904_1";"TF";"Factor: Elk-1; motif: RCCGGAAGTGN; match class: 1";19958;1845;"Up"
"1352";"query_1";TRUE;0,006663520749615;8836;2287;1117;0,488412767818102;0,126414667270258;"TF:M03831";"TF";"Factor: MRF4; motif: CASCTGC";19958;5234;"Up"
"1353";"query_1";TRUE;0,006663520749615;8836;2287;1117;0,488412767818102;0,126414667270258;"TF:M02018";"TF";"Factor: HTF4; motif: CASCTGB";19958;4202;"Up"
"1354";"query_1";TRUE;0,00683235972859591;3244;655;152;0,23206106870229;0,0468557336621455;"TF:M12600_1";"TF";"Factor: ELF1; motif: NNNASCCGGAAGTGGNNNN; match class: 1";19958;1721;"Up"
"1355";"query_1";TRUE;0,00689705925383598;5938;2188;746;0,340950639853748;0,125631525766251;"TF:M11480_1";"TF";"Factor: AP-2alpha; motif: NGCCTSAGGCN; match class: 1";19958;8561;"Up"
"1356";"query_1";TRUE;0,00699070027142995;1744;1672;200;0,119617224880383;0,114678899082569;"TF:M11220";"TF";"Factor: CREB1; motif: NNTGACGTCANN";19958;974;"Up"
"1357";"query_1";TRUE;0,00709882467441937;3026;679;148;0,217967599410898;0,0489094514210178;"TF:M03791";"TF";"Factor: GABPalpha_GABPbeta; motif: CTTCCKGY";19958;2858;"Up"
"1358";"query_1";TRUE;0,0071699913905142;3491;2170;459;0,211520737327189;0,131480951016901;"TF:M07461_1";"TF";"Factor: KLF; motif: GGGNGGGG; match class: 1";19958;4597;"Up"
"1359";"query_1";TRUE;0,00729841191404188;7286;161;88;0,546583850931677;0,012077957727148;"TF:M00144_1";"TF";"Factor: Pax-5; motif: RRMSWGANWYCTNRAGCGKRACSRYNSM; match class: 1";19958;6379;"Up"
"1360";"query_1";TRUE;0,00731715757049735;3286;1641;339;0,206581352833638;0,103164942178941;"TF:M11337_1";"TF";"Factor: ATF-4; motif: GGATGACGTCATCC; match class: 1";19958;329;"Up"
"1361";"query_1";TRUE;0,00765808121095612;4353;679;199;0,293078055964654;0,0457155984378589;"TF:M11449";"TF";"Factor: Elf-1; motif: NANCCGGAAGTN";19958;1710;"Up"
"1362";"query_1";TRUE;0,00779661929951907;331;417;22;0,052757793764988;0,0664652567975831;"TF:M04099";"TF";"Factor: RFX4; motif: NGTWRCCATGGYWACN";19958;7234;"Up"
"1363";"query_1";TRUE;0,0078035953263846;7857;679;326;0,480117820324006;0,0414916634847906;"TF:M01165";"TF";"Factor: Elk-1; motif: RACCGGAAGTR";19958;1836;"Up"
"1364";"query_1";TRUE;0,00782159926000676;5743;2305;759;0,329284164859002;0,132160891520111;"TF:M10014";"TF";"Factor: FXR; motif: NRGGKCANTGRCCNNNNGG";19958;2854;"Up"
"1365";"query_1";TRUE;0,0081660741141525;9664;1853;992;0,535348084187804;0,102649006622517;"TF:M11022";"TF";"Factor: IRX2a; motif: ACRYGNNNNACRYGT";19958;4376;"Up"
"1366";"query_1";TRUE;0,00840146643885726;1614;2125;229;0,107764705882353;0,141883519206939;"TF:M09761_1";"TF";"Factor: EGR1; motif: NGNGKGGGYGGNGS; match class: 1";19958;1619;"Up"
"1367";"query_1";TRUE;0,00842165489765346;3783;1862;429;0,230397422126745;0,11340206185567;"TF:M00187";"TF";"Factor: USF; motif: GYCACGTGNC";19958;8894;"Up"
"1368";"query_1";TRUE;0,00849704741318226;1400;1856;181;0,0975215517241379;0,129285714285714;"TF:M09989";"TF";"Factor: MITF; motif: TCACGTGACC";19958;5176;"Up"
"1369";"query_1";TRUE;0,0086075799863492;157;231;11;0,0476190476190476;0,0700636942675159;"TF:M12166_1";"TF";"Factor: CPBP; motif: NGCCACGCCCN; match class: 1";19958;945;"Up"
"1370";"query_1";TRUE;0,00883462358046186;7595;450;219;0,486666666666667;0,0288347597103357;"TF:M01241";"TF";"Factor: BEN; motif: CWGCGAYA";19958;502;"Up"
"1371";"query_1";TRUE;0,00894778521261312;2591;1977;324;0,163884673748103;0,125048243921266;"TF:M12464_1";"TF";"Factor: ZNF148; motif: NNCCCCTCCCCC; match class: 1";19958;9497;"Up"
"1372";"query_1";TRUE;0,00948326411219996;6815;2338;898;0,384088964927288;0,131768158473955;"TF:M09898";"TF";"Factor: Egr-2; motif: GNGRRNGWGKGGGNGGRG";19958;1638;"Up"
"1373";"query_1";TRUE;0,0095778453028808;660;2210;112;0,0506787330316742;0,16969696969697;"TF:M00801_1";"TF";"Factor: CREB; motif: CGTCAN; match class: 1";19958;1071;"Up"
"1374";"query_1";TRUE;0,00994342551612746;1746;1580;190;0,120253164556962;0,108820160366552;"TF:M00084_1";"TF";"Factor: MZF-1; motif: KNGNKAGGGGNAA; match class: 1";19958;5459;"Up"
"1375";"query_1";TRUE;0,010446991057464;1817;1854;225;0,121359223300971;0,123830489818382;"TF:M00244_1";"TF";"Factor: NGFI-C; motif: WTGCGTGGGYGG; match class: 1";19958;5757;"Up"
"1376";"query_1";TRUE;0,0106941029157244;3036;2526;463;0,183293745051465;0,152503293807642;"TF:M02098";"TF";"Factor: LRH-1; motif: NNYCAAGGYYN";19958;4814;"Up"
"1377";"query_1";TRUE;0,0107151441050637;450;1572;64;0,0407124681933842;0,142222222222222;"TF:M01863_1";"TF";"Factor: ATF-3; motif: RTKRCGTCANN; match class: 1";19958;313;"Up"
"1378";"query_1";TRUE;0,0108078334809201;7314;706;317;0,449008498583569;0,0433415367787804;"TF:M11881_1";"TF";"Factor: pax-6; motif: NYACGCNTSANYGCNYN; match class: 1";19958;6403;"Up"
"1379";"query_1";TRUE;0,0108638817460421;868;2488;154;0,0618971061093248;0,17741935483871;"TF:M01028";"TF";"Factor: NRSF; motif: GYRCTGTCCRYGGTGCTGA";19958;6076;"Up"
"1380";"query_1";TRUE;0,0111504682411785;5696;2342;763;0,325789923142613;0,133953651685393;"TF:M09984_1";"TF";"Factor: MAZ; motif: GGGGGAGGGGGNGRGRRRGNRG; match class: 1";19958;4987;"Up"
"1381";"query_1";TRUE;0,01154355420775;1658;2205;241;0,109297052154195;0,145355850422195;"TF:M04571";"TF";"Factor: TFEC; motif: RNCACRTGAY";19958;8680;"Up"
"1382";"query_1";TRUE;0,0116202984150093;1604;1681;186;0,110648423557406;0,115960099750623;"TF:M00114_1";"TF";"Factor: Tax/CREB; motif: GGGGGTTGACGYANA; match class: 1";19958;8191;"Up"
"1383";"query_1";TRUE;0,0116890736211521;4115;679;189;0,278350515463918;0,0459295261239368;"TF:M02052_1";"TF";"Factor: EHF; motif: CSCGGAARTN; match class: 1";19958;1673;"Up"
"1384";"query_1";TRUE;0,0117914034354926;8394;2405;1115;0,463617463617464;0,132832975935192;"TF:M11477";"TF";"Factor: AP-2beta; motif: NSCCYNRGGSN";19958;8570;"Up"
"1385";"query_1";TRUE;0,0123274948347413;1578;672;87;0,129464285714286;0,0551330798479087;"TF:M02053_1";"TF";"Factor: ELF1; motif: NCCGGAARTN; match class: 1";19958;1799;"Up"
"1386";"query_1";TRUE;0,0124526216139501;9487;2295;1193;0,519825708061002;0,125751027722146;"TF:M10550_1";"TF";"Factor: ZNF684; motif: MAAGGGGTGGACTGT; match class: 1";19958;10977;"Up"
"1387";"query_1";TRUE;0,0125606109482338;1823;1978;238;0,120323559150657;0,130554031815688;"TF:M05327_1";"TF";"Factor: WT1; motif: NGCGGGGGGGTSMMCYN; match class: 1";19958;8971;"Up"
"1388";"query_1";TRUE;0,0125695598278656;3366;1951;402;0,206048180420297;0,119429590017825;"TF:M02111_1";"TF";"Factor: NR1B2; motif: NTGACCY; match class: 1";19958;5915;"Up"
"1389";"query_1";TRUE;0,013070399158145;2899;1285;244;0,18988326848249;0,0841669541221111;"TF:M12616";"TF";"Factor: HMGXB3; motif: NRGCCAATSRGNRNNS";19958;3466;"Up"
"1390";"query_1";TRUE;0,0131284016824768;2957;2337;421;0,180145485665383;0,142374027730808;"TF:M00115_1";"TF";"Factor: Tax/CREB; motif: RTGACGCATAYCCCC; match class: 1";19958;8193;"Up"
"1391";"query_1";TRUE;0,0133867400169142;6417;1724;639;0,370649651972158;0,0995792426367461;"TF:M12657";"TF";"Factor: RELA; motif: GGGRMTKYCCC";19958;7136;"Up"
"1392";"query_1";TRUE;0,0135796003042909;1751;1672;199;0,119019138755981;0,113649343232439;"TF:M02279";"TF";"Factor: CREB1; motif: TGACGTCA";19958;956;"Up"
"1393";"query_1";TRUE;0,0136045733331355;7061;2212;879;0,397377938517179;0,12448661662654;"TF:M11477_1";"TF";"Factor: AP-2beta; motif: NSCCYNRGGSN; match class: 1";19958;8571;"Up"
"1394";"query_1";TRUE;0,0138176724634975;10594;1868;1084;0,580299785867238;0,102322069095715;"TF:M03989";"TF";"Factor: FLI1; motif: ACCGGAAATCCGGT";19958;2438;"Up"
"1395";"query_1";TRUE;0,0139210187398137;4313;1934;497;0,256980351602896;0,115233016461859;"TF:M09837";"TF";"Factor: ZNF449; motif: NNNAGCCCARCC";19958;10288;"Up"
"1396";"query_1";TRUE;0,0139850705454706;1474;2513;243;0,0966971746916037;0,164857530529172;"TF:M01837_1";"TF";"Factor: FKLF; motif: BGGGNGGVMD; match class: 1";19958;2415;"Up"
"1397";"query_1";TRUE;0,0140050563344933;2458;2522;382;0,151467089611419;0,155410903173312;"TF:M01973_1";"TF";"Factor: PLAG1; motif: CCCCCKWNNNGGSCCC; match class: 1";19958;6631;"Up"
"1398";"query_1";TRUE;0,0141481610010528;3982;2526;590;0,233570863024545;0,148166750376695;"TF:M04109_1";"TF";"Factor: RUNX3; motif: NRACCGCAAACCGCAN; match class: 1";19958;7359;"Up"
"1399";"query_1";TRUE;0,0142518314626349;4126;2299;559;0,243149195302305;0,135482307319438;"TF:M09910_1";"TF";"Factor: ER-beta; motif: RGGTCASCNTGMCCY; match class: 1";19958;2109;"Up"
"1400";"query_1";TRUE;0,0143813459346345;2362;672;119;0,177083333333333;0,050381033022862;"TF:M11448_1";"TF";"Factor: Elf-1; motif: NANGCGGAAGTN; match class: 1";19958;1709;"Up"
"1401";"query_1";TRUE;0,0147175832382281;5897;558;214;0,383512544802867;0,0362896387993895;"TF:M09605";"TF";"Factor: Elf-1; motif: NAANCMGGAAGTGN";19958;1698;"Up"
"1402";"query_1";TRUE;0,0150399084022562;2145;428;77;0,179906542056075;0,0358974358974359;"TF:M11451_1";"TF";"Factor: Elf-1; motif: NANCCGGAAGTN; match class: 1";19958;1715;"Up"
"1403";"query_1";TRUE;0,0153985918169042;965;940;77;0,0819148936170213;0,0797927461139896;"TF:M04474";"TF";"Factor: COUP-TF1; motif: GRGGTCAN";19958;5956;"Up"
"1404";"query_1";TRUE;0,0155054582384326;2082;2095;280;0,133651551312649;0,134486071085495;"TF:M03899";"TF";"Factor: EGR4; motif: NNMCGCCCACGCANNN";19958;1662;"Up"
"1405";"query_1";TRUE;0,0155815819297469;3431;1659;353;0,212778782399036;0,102885456135238;"TF:M11337";"TF";"Factor: ATF-4; motif: GGATGACGTCATCC";19958;328;"Up"
"1406";"query_1";TRUE;0,0155947593978525;1125;672;67;0,099702380952381;0,0595555555555556;"TF:M03970_1";"TF";"Factor: ELK1; motif: ACCGGAAGTN; match class: 1";19958;1841;"Up"
"1407";"query_1";TRUE;0,0160372494377244;9767;2354;1254;0,532710280373832;0,128391522473636;"TF:M02111";"TF";"Factor: NR1B2; motif: NTGACCY";19958;5914;"Up"
"1408";"query_1";TRUE;0,016195633607608;5942;866;318;0,367205542725173;0,0535173342308987;"TF:M12668_1";"TF";"Factor: SP2; motif: NNRRCCAATSRGNRNSNGSN; match class: 1";19958;7871;"Up"
"1409";"query_1";TRUE;0,0167602087163791;8087;623;307;0,492776886035313;0,0379621614937554;"TF:M11395_1";"TF";"Factor: Erg; motif: NACCGGAWWTCCGGTN; match class: 1";19958;2035;"Up"
"1410";"query_1";TRUE;0,0169157358121093;4314;1971;505;0,256215119228818;0,117060732498841;"TF:M01865_1";"TF";"Factor: BTEB3; motif: BNRNGGGAGGNGT; match class: 1";19958;635;"Up"
"1411";"query_1";TRUE;0,0170645108267693;10786;2459;1432;0,58235054900366;0,132764694974968;"TF:M08993";"TF";"Factor: ZNF777; motif: GTCCGYCCCGTCSAACAAT";19958;11294;"Up"
"1412";"query_1";TRUE;0,0170907421815186;5245;2500;750;0,3;0,142993326978074;"TF:M03814";"TF";"Factor: BTEB2; motif: GNAGGGGGNGGGSSNN";19958;620;"Up"
"1413";"query_1";TRUE;0,0171348006872319;538;445;30;0,0674157303370786;0,0557620817843866;"TF:M07410";"TF";"Factor: RFX2; motif: GTYNCCATGGCAACNGNNN";19958;7198;"Up"
"1414";"query_1";TRUE;0,0175697290350771;9661;1959;1042;0,531904032669729;0,107856329572508;"TF:M11052_1";"TF";"Factor: Hey2; motif: NNCACGYGNN; match class: 1";19958;3379;"Up"
"1415";"query_1";TRUE;0,0177335694137736;12234;2306;1511;0,655247181266262;0,123508255680889;"TF:M08226";"TF";"Factor: Elk-1:Pax-9; motif: ACCGGAACYACGCWYSANTG";19958;1820;"Up"
"1416";"query_1";TRUE;0,0177765914986031;4493;176;66;0,375;0,0146895170264856;"TF:M11083";"TF";"Factor: SREBP-2; motif: ATCAGGTGAT";19958;7988;"Up"
"1417";"query_1";TRUE;0,018133427138076;2913;2512;442;0,175955414012739;0,151733607964298;"TF:M12187";"TF";"Factor: KLF17; motif: NMCCACNCWCCCNTN";19958;4556;"Up"
"1418";"query_1";TRUE;0,0181436679757689;6327;1953;707;0,362007168458781;0,111743322269638;"TF:M06948_1";"TF";"Factor: Sp2; motif: TGGGCGCGCCCA; match class: 1";19958;7859;"Up"
"1419";"query_1";TRUE;0,0195875031158994;328;145;12;0,0827586206896552;0,0365853658536585;"TF:M12174_1";"TF";"Factor: GKLF; motif: NNCCACRCCCN; match class: 1";19958;4579;"Up"
"1420";"query_1";TRUE;0,0204297449260869;5174;2188;654;0,29890310786106;0,126401236954001;"TF:M04147";"TF";"Factor: TFAP2A; motif: NGCCYSAGGCN";19958;8548;"Up"
"1421";"query_1";TRUE;0,0205410214091408;11929;2485;1586;0,638229376257545;0,132953307066812;"TF:M11397_1";"TF";"Factor: Erg; motif: NACCGGATATCCGGTN; match class: 1";19958;2039;"Up"
"1422";"query_1";TRUE;0,0212120009708013;6170;1970;696;0,353299492385787;0,112803889789303;"TF:M10100";"TF";"Factor: TFEA; motif: RGTCACGTGA";19958;8666;"Up"
"1423";"query_1";TRUE;0,0212486467591897;9141;1980;1000;0,505050505050505;0,109397221310579;"TF:M08266_1";"TF";"Factor: ER71:Pax-5; motif: ACCGGAACYACGCWTSANTG; match class: 1";19958;2233;"Up"
"1424";"query_1";TRUE;0,0212515298842464;4493;672;200;0,297619047619048;0,0445136879590474;"TF:M12557";"TF";"Factor: ETV5; motif: NNACTTCCGNN";19958;2302;"Up"
"1425";"query_1";TRUE;0,0213526874104412;3190;882;190;0,215419501133787;0,0595611285266458;"TF:M08458_1";"TF";"Factor: Erm:C/EBPdelta; motif: RSCGGAWRTTGCGYAAY; match class: 1";19958;2273;"Up"
"1426";"query_1";TRUE;0,0224724991766582;1718;655;90;0,137404580152672;0,0523864959254948;"TF:M11452_1";"TF";"Factor: Elf-1; motif: NANGCGGAAGTR; match class: 1";19958;1717;"Up"
"1427";"query_1";TRUE;0,0226108602705238;1101;1672;134;0,0801435406698565;0,121707538601272;"TF:M11222_1";"TF";"Factor: CREB1; motif: NRTGAYGTCAYN; match class: 1";19958;979;"Up"
"1428";"query_1";TRUE;0,0226410673665797;5123;353;128;0,362606232294618;0,0249853601405427;"TF:M08377_1";"TF";"Factor: meis1:Elf-1; motif: NTGCCGGAAGTN; match class: 1";19958;5081;"Up"
"1429";"query_1";TRUE;0,0228173279346364;36;66;4;0,0606060606060606;0,111111111111111;"TF:M04022";"TF";"Factor: MEF-2A; motif: KCTAWAAATAGM";19958;5006;"Up"
"1430";"query_1";TRUE;0,0230338649503342;5318;685;234;0,341605839416058;0,0440015043249342;"TF:M09900";"TF";"Factor: Elf-1; motif: NNANCCGGAAGTGS";19958;1700;"Up"
"1431";"query_1";TRUE;0,0230719390702522;6848;2444;936;0,382978723404255;0,136682242990654;"TF:M07249";"TF";"Factor: ctcf; motif: CCNCNAGRKGGCRSTN";19958;1152;"Up"
"1432";"query_1";TRUE;0,0241439131603287;14324;2510;1893;0,754183266932271;0,132155822395979;"TF:M11393";"TF";"Factor: Erg; motif: NACCGGATATCCGGTN";19958;2030;"Up"
"1433";"query_1";TRUE;0,0242973441681956;2358;1891;284;0,15018508725542;0,120441051738762;"TF:M11805";"TF";"Factor: RAR-gamma; motif: RAGGTCRTGACCTY";19958;7086;"Up"
"1434";"query_1";TRUE;0,0244121611540346;1028;2343;167;0,0712761416986769;0,162451361867704;"TF:M12155_1";"TF";"Factor: Sp2; motif: NTWAGTCCCGCCCMCTT; match class: 1";19958;7867;"Up"
"1435";"query_1";TRUE;0,025235950809695;4665;2246;609;0,271148708815672;0,130546623794212;"TF:M00444_1";"TF";"Factor: VDR; motif: GGGKNARNRRGGWSA; match class: 1";19958;8927;"Up"
"1436";"query_1";TRUE;0,0253570210288728;13834;699;536;0,766809728183119;0,0387451207170739;"TF:M09918";"TF";"Factor: Pet-1; motif: GCNGGAAGYG";19958;6530;"Up"
"1437";"query_1";TRUE;0,0254606028046458;5325;642;221;0,344236760124611;0,0415023474178404;"TF:M01163";"TF";"Factor: Elk-1; motif: AACCGGAAGTR";19958;1834;"Up"
"1438";"query_1";TRUE;0,0257663194031343;5272;2344;708;0,302047781569966;0,134294385432473;"TF:M00469";"TF";"Factor: AP-2alpha; motif: GCCNNNRGS";19958;126;"Up"
"1439";"query_1";TRUE;0,0258345229891968;985;1537;114;0,0741704619388419;0,115736040609137;"TF:M00691_1";"TF";"Factor: ATF-1; motif: CYYTGACGTCA; match class: 1";19958;275;"Up"
"1440";"query_1";TRUE;0,0259901399209402;1114;1672;135;0,0807416267942584;0,121184919210054;"TF:M12486_1";"TF";"Factor: CREB1; motif: NNNTGATGTCANN; match class: 1";19958;983;"Up"
"1441";"query_1";TRUE;0,0261720740351084;5470;1860;591;0,317741935483871;0,108043875685558;"TF:M00243";"TF";"Factor: Egr-1; motif: WTGCGTGGGCGK";19958;1598;"Up"
"1442";"query_1";TRUE;0,0264954700280212;3047;679;146;0,215022091310751;0,0479159829340335;"TF:M09905_1";"TF";"Factor: SAP-1; motif: NNCCGGAAGTGN; match class: 1";19958;1877;"Up"
"1443";"query_1";TRUE;0,027165331608685;2011;1918;250;0,130344108446298;0,124316260566882;"TF:M07233";"TF";"Factor: USF1; motif: NNCAYGTGACC";19958;8854;"Up"
"1444";"query_1";TRUE;0,0272048159772835;8634;1898;911;0,479978925184405;0,105513087792448;"TF:M09890";"TF";"Factor: ctcf; motif: YGGCCACCAGRKGGCRSYN";19958;1146;"Up"
"1445";"query_1";TRUE;0,0272910779648278;5432;1365;442;0,323809523809524;0,0813696612665685;"TF:M00514";"TF";"Factor: ATF4; motif: CVTGACGYMABG";19958;334;"Up"
"1446";"query_1";TRUE;0,0275106327407122;1243;535;60;0,11214953271028;0,0482703137570394;"TF:M00041_1";"TF";"Factor: ATF2:c-Jun; motif: TGACGTYA; match class: 1";19958;1057;"Up"
"1447";"query_1";TRUE;0,0276139778782185;2844;1857;329;0,177167474421109;0,115682137834037;"TF:M00051_1";"TF";"Factor: NF-kappaB; motif: GGGGATYCCC; match class: 1";19958;5691;"Up"
"1448";"query_1";TRUE;0,0280443006757553;3922;672;178;0,264880952380952;0,0453850076491586;"TF:M08423";"TF";"Factor: TEF-3:ER81; motif: ACCGGAAATRCC";19958;8456;"Up"
"1449";"query_1";TRUE;0,0280959575174451;2128;1606;225;0,140099626400996;0,105733082706767;"TF:M11228_1";"TF";"Factor: ATF-6; motif: GRTGACGTCAYC; match class: 1";19958;359;"Up"
"1450";"query_1";TRUE;0,0286813508306306;4278;679;193;0,284241531664212;0,0451145395044413;"TF:M11400_1";"TF";"Factor: Fli-1; motif: NACCGGAARTN; match class: 1";19958;2453;"Up"
"1451";"query_1";TRUE;0,0287713431534733;15822;2298;1900;0,82680591818973;0,120085956263431;"TF:M01835";"TF";"Factor: GKLF; motif: CCTCCYN";19958;3162;"Up"
"1452";"query_1";TRUE;0,0288187369400575;3848;1962;452;0,230377166156983;0,117463617463617;"TF:M04110_1";"TF";"Factor: RUNX3; motif: NRACCGCANWAACCRCAN; match class: 1";19958;7361;"Up"
"1453";"query_1";TRUE;0,0294080110159891;670;1523;83;0,0544977019041366;0,123880597014925;"TF:M08312";"TF";"Factor: GCMa:ER81; motif: ATRNGGGCGGAWGKN";19958;3036;"Up"
"1454";"query_1";TRUE;0,0294248354832661;612;2310;107;0,0463203463203463;0,17483660130719;"TF:M11049";"TF";"Factor: BMAL1; motif: RTCACGTGNN";19958;208;"Up"
"1455";"query_1";TRUE;0,0298077131212685;4317;1663;431;0,259170174383644;0,0998378503590456;"TF:M11270_1";"TF";"Factor: JunD; motif: NRTGACGTCATS; match class: 1";19958;4485;"Up"
"1456";"query_1";TRUE;0,0304226894912768;1319;2464;215;0,0872564935064935;0,163002274450341;"TF:M00243_1";"TF";"Factor: Egr-1; motif: WTGCGTGGGCGK; match class: 1";19958;1599;"Up"
"1457";"query_1";TRUE;0,0304400840655397;10866;2445;1431;0,585276073619632;0,131695196024296;"TF:M08443";"TF";"Factor: AP-4:ER81; motif: RSCGGAAGCAGSTGNN";19958;8616;"Up"
"1458";"query_1";TRUE;0,0307633324646419;8102;439;223;0,507972665148064;0,0275240681313256;"TF:M07415";"TF";"Factor: Elf-1; motif: AWCCCGGAAGTN";19958;1696;"Up"
"1459";"query_1";TRUE;0,0310406047775588;8258;2334;1063;0,455441302485004;0,128723661903609;"TF:M08623_1";"TF";"Factor: rfx3:SRF; motif: TRGCAACNNNNNCCNWATANGGN; match class: 1";19958;7219;"Up"
"1460";"query_1";TRUE;0,0318927479005309;5923;1910;650;0,340314136125654;0,109741684956947;"TF:M11595_1";"TF";"Factor: GCMa; motif: RTGCGGGTN; match class: 1";19958;3075;"Up"
"1461";"query_1";TRUE;0,0321032942085817;11495;2516;1549;0,615659777424483;0,134754240974337;"TF:M08826";"TF";"Factor: NF-E4; motif: GTGAGGS";19958;5668;"Up"
"1462";"query_1";TRUE;0,0324221395485359;1769;1530;184;0,120261437908497;0,104013566986998;"TF:M05775_1";"TF";"Factor: ZXDL; motif: NGGGGWS; match class: 1";19958;11639;"Up"
"1463";"query_1";TRUE;0,0337483220057265;8003;2021;901;0,445818901533894;0,112582781456954;"TF:M11081_1";"TF";"Factor: SREBP-1; motif: RTCRCGTGAY; match class: 1";19958;7983;"Up"
"1464";"query_1";TRUE;0,0339718935247819;14196;2253;1689;0,749667110519308;0,118977176669484;"TF:M00450";"TF";"Factor: Zic3; motif: NGGGKGGTC";19958;9346;"Up"
"1465";"query_1";TRUE;0,0341857992815419;8545;2517;1178;0,468017481128327;0,13785839672323;"TF:M09724";"TF";"Factor: DATF1; motif: SNGGRRGCWGNGGG";19958;1190;"Up"
"1466";"query_1";TRUE;0,035079980430165;8842;623;329;0,528089887640449;0,0372087762949559;"TF:M11395";"TF";"Factor: Erg; motif: NACCGGAWWTCCGGTN";19958;2034;"Up"
"1467";"query_1";TRUE;0,0351180634678284;476;1572;65;0,0413486005089059;0,136554621848739;"TF:M11217_1";"TF";"Factor: CREB1; motif: NRTGACGYN; match class: 1";19958;969;"Up"
"1468";"query_1";TRUE;0,0356797645273218;8858;2481;1201;0,484079000403063;0,135583653194852;"TF:M00733";"TF";"Factor: SMAD4; motif: GKSRKKCAGMCANCY";19958;7592;"Up"
"1469";"query_1";TRUE;0,0357376031420961;3787;1490;347;0,232885906040268;0,0916292579878532;"TF:M03860";"TF";"Factor: USF2; motif: NNNCCACGTGACN";19958;8886;"Up"
"1470";"query_1";TRUE;0,035822721366761;2246;1606;235;0,146326276463263;0,104630454140695;"TF:M11335_1";"TF";"Factor: ATF-4; motif: GGATGACGTCATCC; match class: 1";19958;327;"Up"
"1471";"query_1";TRUE;0,0363157201987033;2147;1606;226;0,140722291407223;0,105263157894737;"TF:M11228";"TF";"Factor: ATF-6; motif: GRTGACGTCAYC";19958;358;"Up"
"1472";"query_1";TRUE;0,0366624310371712;4051;2465;582;0,236105476673428;0,14366823006665;"TF:M08911_1";"TF";"Factor: CTCF; motif: NCCRSTAGGGGGCGC; match class: 1";19958;1139;"Up"
"1473";"query_1";TRUE;0,0370689971916169;1227;733;75;0,102319236016371;0,0611246943765281;"TF:M03972";"TF";"Factor: ELK3; motif: ACCGGAAGTN";19958;1858;"Up"
"1474";"query_1";TRUE;0,0371586865390015;10706;2500;1441;0,5764;0,134597422006352;"TF:M04691_1";"TF";"Factor: Kaiso; motif: TCTCGCGAG; match class: 1";19958;9111;"Up"
"1475";"query_1";TRUE;0,0372944222239983;1536;2005;205;0,102244389027431;0,133463541666667;"TF:M00187_1";"TF";"Factor: USF; motif: GYCACGTGNC; match class: 1";19958;8895;"Up"
"1476";"query_1";TRUE;0,04002880814346;3191;1681;332;0,197501487209994;0,10404261986838;"TF:M02023_1";"TF";"Factor: MAZ; motif: NKGGGAGGGGRGGR; match class: 1";19958;4997;"Up"
"1477";"query_1";TRUE;0,0403282818108332;5882;2420;804;0,332231404958678;0,136688201292078;"TF:M09610";"TF";"Factor: ER-beta; motif: NRGGTCANKSTGACCTNN";19958;2106;"Up"
"1478";"query_1";TRUE;0,0410916350190677;2044;679;105;0,154639175257732;0,0513698630136986;"TF:M03982_1";"TF";"Factor: ETV4; motif: ACCGGAAGTN; match class: 1";19958;2269;"Up"
"1479";"query_1";TRUE;0,0416693237546702;207;1103;28;0,0253853127833182;0,135265700483092;"TF:M03880";"TF";"Factor: Myf-5; motif: WGRCAGCTGSWGB";19958;5390;"Up"
"1480";"query_1";TRUE;0,0420182258616876;10596;1618;941;0,581582200247219;0,0888070970177425;"TF:M00736";"TF";"Factor: E2F-1:DP-1; motif: TTTCSCGC";19958;1422;"Up"
"1481";"query_1";TRUE;0,0422207789132566;5361;838;280;0,334128878281623;0,0522290617422123;"TF:M11743";"TF";"Factor: COUP-TF1; motif: RAGGTCANYGACCTY";19958;5972;"Up"
"1482";"query_1";TRUE;0,0432852499833987;1075;1688;131;0,07760663507109;0,121860465116279;"TF:M07387_1";"TF";"Factor: LRF; motif: NGKGGGTSNCN; match class: 1";19958;4793;"Up"
"1483";"query_1";TRUE;0,0434534467733152;7966;1302;593;0,455453149001536;0,0744413758473512;"TF:M09895";"TF";"Factor: E2F-6; motif: NGGGCGGGARRNN";19958;1522;"Up"
"1484";"query_1";TRUE;0,0443090244997853;1229;954;92;0,0964360587002096;0,0748576078112286;"TF:M03990_1";"TF";"Factor: GABPA; motif: ACCGGAAGTN; match class: 1";19958;2863;"Up"
"1485";"query_1";TRUE;0,0445406283331595;3280;1960;390;0,198979591836735;0,11890243902439;"TF:M12721_1";"TF";"Factor: ZNFPT1; motif: YCNNCNCWGCCNY; match class: 1";19958;11593;"Up"
"1486";"query_1";TRUE;0,0446424373200013;11106;967;602;0,622543950361944;0,0542049342697641;"TF:M11535";"TF";"Factor: E2F-4; motif: TTTTGGCGCCAWWN";19958;1510;"Up"
"1487";"query_1";TRUE;0,0454196189601807;1495;2470;239;0,0967611336032389;0,159866220735786;"TF:M01231";"TF";"Factor: ZNF515; motif: GTGGGGGGTM";19958;10442;"Up"
"1488";"query_1";TRUE;0,0457361026813791;8037;2009;898;0,446988551518168;0,111733233793704;"TF:M08870";"TF";"Factor: DEC1; motif: NCNCACRTGNSC";19958;1218;"Up"
"1489";"query_1";TRUE;0,0461283385074027;7886;518;252;0,486486486486487;0,0319553639360893;"TF:M00665";"TF";"Factor: Sp3; motif: ASMCTTGGGSRGGG";19958;7882;"Up"
"1490";"query_1";TRUE;0,0470975896334461;136;382;12;0,031413612565445;0,0882352941176471;"TF:M12162_1";"TF";"Factor: KLF3; motif: GRCCACGCCCN; match class: 1";19958;4567;"Up"
"1491";"query_1";TRUE;0,0480301645950622;4806;1692;480;0,283687943262411;0,0998751560549313;"TF:M01227_1";"TF";"Factor: MafB; motif: GNTGAC; match class: 1";19958;4859;"Up"
"1492";"query_1";TRUE;0,0487900558900478;2152;1511;214;0,14162806088683;0,0994423791821561;"TF:M07052";"TF";"Factor: NRF-1; motif: GCGCMTGCGCN";19958;6036;"Up"
"1493";"query_1";TRUE;0,0490019273640573;4971;838;262;0,312649164677804;0,0527056930195132;"TF:M11743_1";"TF";"Factor: COUP-TF1; motif: RAGGTCANYGACCTY; match class: 1";19958;5973;"Up"
"1494";"query_1";TRUE;0,0495809762147419;10201;2102;1166;0,554709800190295;0,114302519360847;"TF:M08453";"TF";"Factor: ERF:SREBP-2; motif: NSCGGAARTCACGTGAT";19958;2004;"Up"
"1495";"query_1";TRUE;0,000184794683192679;14;103;5;0,0485436893203883;0,357142857142857;"WP:WP197";"WP";"Cholesterol biosynthesis pathway";7364;738;"Up"
"1496";"query_1";TRUE;0,000552416415925143;17;103;5;0,0485436893203883;0,294117647058824;"WP:WP5193";"WP";"Cholesterol synthesis disorders";7364;552;"Up"
"1497";"query_1";TRUE;0,00567522327984079;12;38;3;0,0789473684210526;0,25;"WP:WP4495";"WP";"IL-10 anti-inflammatory signaling pathway ";7364;100;"Up"
"1498";"query_1";TRUE;0,0495202583803128;65;35;4;0,114285714285714;0,0615384615384615;"WP:WP2324";"WP";"AGE/RAGE pathway";7364;447;"Up"
"1499";"query_1";TRUE;0,000118837201072516;6;147;5;0,0340136054421769;0,833333333333333;"CORUM:310";"CORUM";"Cell cycle kinase complex CDC2";3627;185;"Down"
"1500";"query_1";TRUE;0,00200737527926468;2;12;2;0,166666666666667;1;"CORUM:5542";"CORUM";"CCNB2-CDC2 complex";3627;1719;"Down"
"1501";"query_1";TRUE;0,00200737527926468;2;12;2;0,166666666666667;1;"CORUM:5557";"CORUM";"CDC2-CCNA2 complex";3627;1729;"Down"
"1502";"query_1";TRUE;0,00601105066383948;3;12;2;0,166666666666667;0,666666666666667;"CORUM:5559";"CORUM";"CDC2-CCNA2-CDK2 complex";3627;1731;"Down"
"1503";"query_1";TRUE;0,00601105066383948;3;12;2;0,166666666666667;0,666666666666667;"CORUM:6300";"CORUM";"CDKN1A-TP53-CDK1-PCNA complex";3627;2040;"Down"
"1504";"query_1";TRUE;0,0172790333286122;3;20;2;0,1;0,666666666666667;"CORUM:577";"CORUM";"FHL2-p53-HIPK2 complex";3627;325;"Down"
"1505";"query_1";TRUE;0,0180967922903407;2;35;2;0,0571428571428571;1;"CORUM:5543";"CORUM";"CCNB1-CDC2 complex";3627;1720;"Down"
"1506";"query_1";TRUE;0,0212483125801087;4;110;3;0,0272727272727273;0,75;"CORUM:5545";"CORUM";"CDC2-PCNA-CCNB1-GADD45B complex";3627;1722;"Down"
"1507";"query_1";TRUE;0,0212483125801087;4;110;3;0,0272727272727273;0,75;"CORUM:5544";"CORUM";"CDC2-PCNA-CCNB1-GADD45A complex";3627;1721;"Down"
"1508";"query_1";TRUE;0,0212483125801087;4;110;3;0,0272727272727273;0,75;"CORUM:5546";"CORUM";"CDC2-PCNA-CCNB1-GADD45G complex";3627;1723;"Down"
"1509";"query_1";TRUE;0,0440906241578134;13;35;3;0,0857142857142857;0,230769230769231;"CORUM:1005";"CORUM";"RC complex during G2/M-phase of cell cycle";3627;541;"Down"
"1510";"query_1";TRUE;1,00727423610672e-37;1774;986;216;0,219066937119675;0,121758737316798;"GO:0007049";"GO:BP";"cell cycle";21100;2963;"Down"
"1511";"query_1";TRUE;1,61419605627521e-33;906;979;139;0,141981613891726;0,153421633554084;"GO:0000278";"GO:BP";"mitotic cell cycle";21100;118;"Down"
"1512";"query_1";TRUE;8,27099951829052e-33;1059;1095;161;0,14703196347032;0,152030217186025;"GO:0051276";"GO:BP";"chromosome organization";21100;15725;"Down"
"1513";"query_1";TRUE;6,13087273554802e-31;1206;986;160;0,162271805273834;0,132669983416252;"GO:0022402";"GO:BP";"cell cycle process";21100;7577;"Down"
"1514";"query_1";TRUE;7,07186082641565e-31;5766;1213;523;0,43116240725474;0,0907041276448144;"GO:0044260";"GO:BP";"cellular macromolecule metabolic process";21100;12699;"Down"
"1515";"query_1";TRUE;6,4435522309589e-30;755;979;120;0,122574055158325;0,158940397350993;"GO:1903047";"GO:BP";"mitotic cell cycle process";21100;26160;"Down"
"1516";"query_1";TRUE;1,60514323387949e-27;1023;455;90;0,197802197802198;0,0879765395894428;"GO:0006259";"GO:BP";"DNA metabolic process";21100;2277;"Down"
"1517";"query_1";TRUE;3,27490314378566e-27;6224;1169;525;0,449101796407186;0,0843508997429306;"GO:0048518";"GO:BP";"positive regulation of biological process";21100;14840;"Down"
"1518";"query_1";TRUE;1,4040822978804e-26;5654;1126;473;0,420071047957371;0,0836575875486381;"GO:0051171";"GO:BP";"regulation of nitrogen compound metabolic process";21100;15640;"Down"
"1519";"query_1";TRUE;1,87209493949584e-26;5687;1139;479;0,42054433713784;0,0842271848074556;"GO:0048522";"GO:BP";"positive regulation of cellular process";21100;14844;"Down"
"1520";"query_1";TRUE;4,38809073365924e-26;5812;1126;481;0,427175843694494;0,0827598072952512;"GO:0080090";"GO:BP";"regulation of primary metabolic process";21100;20855;"Down"
"1521";"query_1";TRUE;8,34340184973048e-25;1089;551;99;0,17967332123412;0,0909090909090909;"GO:0051726";"GO:BP";"regulation of cell cycle";21100;16066;"Down"
"1522";"query_1";TRUE;2,29217453469958e-24;6004;1129;488;0,432240921169176;0,0812791472351766;"GO:0031323";"GO:BP";"regulation of cellular metabolic process";21100;8255;"Down"
"1523";"query_1";TRUE;1,09164794779559e-23;4048;1129;364;0,322409211691763;0,0899209486166008;"GO:0019219";"GO:BP";"regulation of nucleobase-containing compound metabolic process";21100;6471;"Down"
"1524";"query_1";TRUE;2,67202068878844e-23;695;979;104;0,106230847803882;0,149640287769784;"GO:0010564";"GO:BP";"regulation of cell cycle process";21100;4715;"Down"
"1525";"query_1";TRUE;2,79332121460887e-23;3465;1169;333;0,284858853721129;0,0961038961038961;"GO:0010604";"GO:BP";"positive regulation of macromolecule metabolic process";21100;4750;"Down"
"1526";"query_1";TRUE;5,14347039279853e-23;1875;1215;222;0,182716049382716;0,1184;"GO:0033554";"GO:BP";"cellular response to stress";21100;9518;"Down"
"1527";"query_1";TRUE;1,43991961788833e-22;3851;1215;368;0,302880658436214;0,0955595949104129;"GO:0006950";"GO:BP";"response to stress";21100;2884;"Down"
"1528";"query_1";TRUE;3,36546364930447e-22;6446;1216;539;0,443256578947368;0,083617747440273;"GO:1901564";"GO:BP";"organonitrogen compound metabolic process";21100;24853;"Down"
"1529";"query_1";TRUE;3,72004135499209e-22;3753;1129;340;0,301151461470328;0,0905941913136158;"GO:0051252";"GO:BP";"regulation of RNA metabolic process";21100;15707;"Down"
"1530";"query_1";TRUE;6,65974440668503e-22;3776;1169;350;0,29940119760479;0,0926906779661017;"GO:0009893";"GO:BP";"positive regulation of metabolic process";21100;4213;"Down"
"1531";"query_1";TRUE;1,19186979025142e-21;646;979;97;0,0990806945863126;0,15015479876161;"GO:0051301";"GO:BP";"cell division";21100;15744;"Down"
"1532";"query_1";TRUE;4,8734250756007e-21;4856;1217;432;0,354971240755957;0,0889621087314662;"GO:0048523";"GO:BP";"negative regulation of cellular process";21100;14845;"Down"
"1533";"query_1";TRUE;3,60602763126686e-20;309;741;55;0,0742240215924427;0,177993527508091;"GO:0006260";"GO:BP";"DNA replication";21100;2278;"Down"
"1534";"query_1";TRUE;6,43050482760538e-20;3083;1168;296;0,253424657534247;0,0960103795004865;"GO:0051173";"GO:BP";"positive regulation of nitrogen compound metabolic process";21100;15642;"Down"
"1535";"query_1";TRUE;1,53487980527023e-19;4068;1129;352;0,311780336581045;0,0865290068829892;"GO:0019438";"GO:BP";"aromatic compound biosynthetic process";21100;6674;"Down"
"1536";"query_1";TRUE;1,88118638676097e-19;4057;1129;351;0,310894596988485;0,0865171308848903;"GO:0018130";"GO:BP";"heterocycle biosynthetic process";21100;6014;"Down"
"1537";"query_1";TRUE;3,22137586994767e-19;3874;996;307;0,308232931726908;0,0792462570986061;"GO:0006996";"GO:BP";"organelle organization";21100;2920;"Down"
"1538";"query_1";TRUE;7,1697881873817e-19;4765;1109;388;0,349864743011722;0,0814270724029381;"GO:0044271";"GO:BP";"cellular nitrogen compound biosynthetic process";21100;12706;"Down"
"1539";"query_1";TRUE;8,35371352295589e-19;3271;1126;297;0,263765541740675;0,0907979211250382;"GO:0031325";"GO:BP";"positive regulation of cellular metabolic process";21100;8257;"Down"
"1540";"query_1";TRUE;9,22253637910276e-19;3984;1129;344;0,304694419840567;0,0863453815261044;"GO:0034654";"GO:BP";"nucleobase-containing compound biosynthetic process";21100;10006;"Down"
"1541";"query_1";TRUE;1,95240636740589e-18;4213;1215;379;0,311934156378601;0,089959648706385;"GO:1901362";"GO:BP";"organic cyclic compound biosynthetic process";21100;24667;"Down"
"1542";"query_1";TRUE;1,11072977716223e-17;344;979;63;0,0643513789581205;0,183139534883721;"GO:0007059";"GO:BP";"chromosome segregation";21100;2972;"Down"
"1543";"query_1";TRUE;1,77604217627887e-17;202;868;45;0,0518433179723502;0,222772277227723;"GO:0000819";"GO:BP";"sister chromatid segregation";21100;304;"Down"
"1544";"query_1";TRUE;2,69717631933865e-17;826;951;102;0,107255520504732;0,123486682808717;"GO:0006974";"GO:BP";"cellular response to DNA damage stimulus";21100;2904;"Down"
"1545";"query_1";TRUE;3,19916170948236e-17;3926;1129;335;0,296722763507529;0,0853285787060622;"GO:0010556";"GO:BP";"regulation of macromolecule biosynthetic process";21100;4707;"Down"
"1546";"query_1";TRUE;3,52379630900056e-17;6787;1126;507;0,450266429840142;0,0747016354795933;"GO:0060255";"GO:BP";"regulation of macromolecule metabolic process";21100;17032;"Down"
"1547";"query_1";TRUE;5,37295606273088e-17;5774;1129;448;0,396811337466785;0,0775891929338414;"GO:1901576";"GO:BP";"organic substance biosynthetic process";21100;24864;"Down"
"1548";"query_1";TRUE;1,40046756352028e-16;538;537;57;0,106145251396648;0,105947955390335;"GO:0044770";"GO:BP";"cell cycle phase transition";21100;12978;"Down"
"1549";"query_1";TRUE;1,4875402082347e-16;5861;1215;480;0,395061728395062;0,0818972871523631;"GO:0009058";"GO:BP";"biosynthetic process";21100;3661;"Down"
"1550";"query_1";TRUE;1,49121401444962e-16;326;929;58;0,0624327233584499;0,177914110429448;"GO:1903311";"GO:BP";"regulation of mRNA metabolic process";21100;26378;"Down"
"1551";"query_1";TRUE;2,8520501489568e-16;440;435;46;0,105747126436782;0,104545454545455;"GO:0044772";"GO:BP";"mitotic cell cycle phase transition";21100;12980;"Down"
"1552";"query_1";TRUE;3,60080497750503e-16;1976;1166;205;0,175814751286449;0,103744939271255;"GO:0045935";"GO:BP";"positive regulation of nucleobase-containing compound metabolic process";21100;13643;"Down"
"1553";"query_1";TRUE;3,9717803808847e-16;5700;1215;468;0,385185185185185;0,0821052631578947;"GO:0044249";"GO:BP";"cellular biosynthetic process";21100;12692;"Down"
"1554";"query_1";TRUE;4,19619617316253e-16;11193;1217;796;0,654067378800329;0,0711158759939248;"GO:0050794";"GO:BP";"regulation of cellular process";21100;15325;"Down"
"1555";"query_1";TRUE;4,4071089177177e-16;214;405;32;0,0790123456790123;0,149532710280374;"GO:0033044";"GO:BP";"regulation of chromosome organization";21100;9206;"Down"
"1556";"query_1";TRUE;1,22414608249643e-15;7313;1171;549;0,468830059777968;0,0750717899630794;"GO:0019222";"GO:BP";"regulation of metabolic process";21100;6474;"Down"
"1557";"query_1";TRUE;1,33310678281822e-15;3010;1212;285;0,235148514851485;0,0946843853820598;"GO:0010033";"GO:BP";"response to organic substance";21100;4307;"Down"
"1558";"query_1";TRUE;1,47186891608415e-15;454;979;70;0,0715015321756895;0,154185022026432;"GO:0000280";"GO:BP";"nuclear division";21100;120;"Down"
"1559";"query_1";TRUE;1,51116282583384e-15;4882;1216;413;0,339638157894737;0,0845964768537485;"GO:0044267";"GO:BP";"cellular protein metabolic process";21100;12703;"Down"
"1560";"query_1";TRUE;1,60845119472207e-15;4085;1129;339;0,300265721877768;0,0829865361077111;"GO:0031326";"GO:BP";"regulation of cellular biosynthetic process";21100;8258;"Down"
"1561";"query_1";TRUE;1,78147148788705e-15;5487;1216;452;0,371710526315789;0,0823765263349736;"GO:0019538";"GO:BP";"protein metabolic process";21100;6769;"Down"
"1562";"query_1";TRUE;2,08725413736804e-15;186;924;42;0,0454545454545455;0,225806451612903;"GO:0006261";"GO:BP";"DNA-templated DNA replication";21100;2279;"Down"
"1563";"query_1";TRUE;2,83530499449417e-15;470;550;52;0,0945454545454545;0,11063829787234;"GO:0051052";"GO:BP";"regulation of DNA metabolic process";21100;15543;"Down"
"1564";"query_1";TRUE;3,44875270220368e-15;5876;1217;476;0,391125718981101;0,0810074880871341;"GO:0048519";"GO:BP";"negative regulation of biological process";21100;14841;"Down"
"1565";"query_1";TRUE;3,49523184866958e-15;475;429;46;0,107226107226107;0,0968421052631579;"GO:0007346";"GO:BP";"regulation of mitotic cell cycle";21100;3225;"Down"
"1566";"query_1";TRUE;4,20414719041359e-15;4770;1129;380;0,336581045172719;0,079664570230608;"GO:0009059";"GO:BP";"macromolecule biosynthetic process";21100;3662;"Down"
"1567";"query_1";TRUE;4,36264799641601e-15;4145;1215;362;0,297942386831276;0,0873341375150784;"GO:0009889";"GO:BP";"regulation of biosynthetic process";21100;4209;"Down"
"1568";"query_1";TRUE;6,74795383137695e-15;284;979;53;0,0541368743615935;0,186619718309859;"GO:0098813";"GO:BP";"nuclear chromosome segregation";21100;22109;"Down"
"1569";"query_1";TRUE;2,00653737107379e-14;301;979;54;0,0551583248212462;0,179401993355482;"GO:0140014";"GO:BP";"mitotic nuclear division";21100;22948;"Down"
"1570";"query_1";TRUE;2,16093461752349e-14;500;979;72;0,0735444330949949;0,144;"GO:0048285";"GO:BP";"organelle fission";21100;14662;"Down"
"1571";"query_1";TRUE;3,1242021953815e-14;3019;1213;281;0,231657048639736;0,093077177873468;"GO:0070887";"GO:BP";"cellular response to chemical stimulus";21100;19115;"Down"
"1572";"query_1";TRUE;3,26578780231636e-14;414;455;43;0,0945054945054945;0,103864734299517;"GO:1901987";"GO:BP";"regulation of cell cycle phase transition";21100;25245;"Down"
"1573";"query_1";TRUE;5,04628614434271e-14;1859;1166;190;0,16295025728988;0,102205486820871;"GO:0010557";"GO:BP";"positive regulation of macromolecule biosynthetic process";21100;4708;"Down"
"1574";"query_1";TRUE;5,12075960886877e-14;2629;1185;248;0,209282700421941;0,0943324457968809;"GO:0035556";"GO:BP";"intracellular signal transduction";21100;10463;"Down"
"1575";"query_1";TRUE;5,67955715907809e-14;537;1202;84;0,0698835274542429;0,156424581005587;"GO:0006281";"GO:BP";"DNA repair";21100;2297;"Down"
"1576";"query_1";TRUE;7,66109966329298e-14;3600;1129;302;0,267493356953056;0,0838888888888889;"GO:0032774";"GO:BP";"RNA biosynthetic process";21100;9017;"Down"
"1577";"query_1";TRUE;1,99015592893083e-13;1137;1217;137;0,112571898110107;0,120492524186456;"GO:0033043";"GO:BP";"regulation of organelle organization";21100;9205;"Down"
"1578";"query_1";TRUE;2,02169241111168e-13;320;429;36;0,0839160839160839;0,1125;"GO:1901990";"GO:BP";"regulation of mitotic cell cycle phase transition";21100;25248;"Down"
"1579";"query_1";TRUE;2,80125309082491e-13;3461;1129;291;0,257750221434898;0,0840797457382259;"GO:2001141";"GO:BP";"regulation of RNA biosynthetic process";21100;30316;"Down"
"1580";"query_1";TRUE;5,47230173895916e-13;2536;1205;241;0,2;0,0950315457413249;"GO:0051246";"GO:BP";"regulation of protein metabolic process";21100;15701;"Down"
"1581";"query_1";TRUE;6,51414807432865e-13;1769;1166;180;0,154373927958834;0,101752402487281;"GO:0051254";"GO:BP";"positive regulation of RNA metabolic process";21100;15709;"Down"
"1582";"query_1";TRUE;7,17746002148948e-13;3579;1129;297;0,263064658990257;0,0829840737636211;"GO:0006351";"GO:BP";"transcription, DNA-templated";21100;2349;"Down"
"1583";"query_1";TRUE;7,45834436594651e-13;3580;1129;297;0,263064658990257;0,0829608938547486;"GO:0097659";"GO:BP";"nucleic acid-templated transcription";21100;21907;"Down"
"1584";"query_1";TRUE;1,18110896987838e-12;2391;1202;229;0,190515806988353;0,09577582601422;"GO:0071310";"GO:BP";"cellular response to organic substance";21100;19341;"Down"
"1585";"query_1";TRUE;1,18465081427884e-12;3451;1129;288;0,255093002657219;0,0834540712836859;"GO:0006355";"GO:BP";"regulation of transcription, DNA-templated";21100;2353;"Down"
"1586";"query_1";TRUE;1,23143987933608e-12;3452;1129;288;0,255093002657219;0,0834298957126304;"GO:1903506";"GO:BP";"regulation of nucleic acid-templated transcription";21100;26560;"Down"
"1587";"query_1";TRUE;1,35100408011616e-12;98;549;23;0,0418943533697632;0,23469387755102;"GO:1903312";"GO:BP";"negative regulation of mRNA metabolic process";21100;26379;"Down"
"1588";"query_1";TRUE;1,46777622509285e-12;173;868;36;0,0414746543778802;0,208092485549133;"GO:0000070";"GO:BP";"mitotic sister chromatid segregation";21100;32;"Down"
"1589";"query_1";TRUE;1,68978258435953e-12;1865;1126;181;0,160746003552398;0,0970509383378016;"GO:0006915";"GO:BP";"apoptotic process";21100;2855;"Down"
"1590";"query_1";TRUE;2,03307200802469e-12;2276;1217;222;0,182415776499589;0,0975395430579965;"GO:0051128";"GO:BP";"regulation of cellular component organization";21100;15598;"Down"
"1591";"query_1";TRUE;2,69478838853087e-12;626;1055;82;0,0777251184834123;0,130990415335463;"GO:0006325";"GO:BP";"chromatin organization";21100;2333;"Down"
"1592";"query_1";TRUE;2,7011708148452e-12;273;455;33;0,0725274725274725;0,120879120879121;"GO:0051054";"GO:BP";"positive regulation of DNA metabolic process";21100;15545;"Down"
"1593";"query_1";TRUE;2,7025015155162e-12;1958;1200;196;0,163333333333333;0,100102145045965;"GO:0008283";"GO:BP";"cell population proliferation";21100;3567;"Down"
"1594";"query_1";TRUE;3,24245838725141e-12;1964;1166;192;0,164665523156089;0,0977596741344195;"GO:0031328";"GO:BP";"positive regulation of cellular biosynthetic process";21100;8260;"Down"
"1595";"query_1";TRUE;4,6071424415814e-12;1999;1126;189;0,16785079928952;0,0945472736368184;"GO:0009891";"GO:BP";"positive regulation of biosynthetic process";21100;4211;"Down"
"1596";"query_1";TRUE;4,62050962205875e-12;2370;1137;216;0,189973614775726;0,0911392405063291;"GO:0032268";"GO:BP";"regulation of cellular protein metabolic process";21100;8640;"Down"
"1597";"query_1";TRUE;4,97731051798154e-12;3050;1213;275;0,226710634789777;0,0901639344262295;"GO:0065009";"GO:BP";"regulation of molecular function";21100;18614;"Down"
"1598";"query_1";TRUE;5,94868963878196e-12;1918;1126;183;0,162522202486679;0,0954118873826903;"GO:0012501";"GO:BP";"programmed cell death";21100;5116;"Down"
"1599";"query_1";TRUE;6,13641728305251e-12;2371;1112;212;0,190647482014388;0,0894137494727963;"GO:0051172";"GO:BP";"negative regulation of nitrogen compound metabolic process";21100;15641;"Down"
"1600";"query_1";TRUE;1,46246870272324e-11;305;979;50;0,0510725229826353;0,163934426229508;"GO:0010948";"GO:BP";"negative regulation of cell cycle process";21100;5067;"Down"
"1601";"query_1";TRUE;2,5224615126542e-11;3936;1216;333;0,273848684210526;0,0846036585365854;"GO:0043412";"GO:BP";"macromolecule modification";21100;12301;"Down"
"1602";"query_1";TRUE;2,82565886583995e-11;1533;558;94;0,168458781362007;0,0613176777560339;"GO:0045934";"GO:BP";"negative regulation of nucleobase-containing compound metabolic process";21100;13642;"Down"
"1603";"query_1";TRUE;3,10978318076407e-11;1556;1205;163;0,135269709543568;0,104755784061697;"GO:0044093";"GO:BP";"positive regulation of molecular function";21100;12634;"Down"
"1604";"query_1";TRUE;3,2651670133826e-11;2506;1215;234;0,192592592592593;0,0933758978451716;"GO:0031324";"GO:BP";"negative regulation of cellular metabolic process";21100;8256;"Down"
"1605";"query_1";TRUE;3,81434481848364e-11;105;1212;31;0,0255775577557756;0,295238095238095;"GO:0071103";"GO:BP";"DNA conformation change";21100;19224;"Down"
"1606";"query_1";TRUE;4,14259540025386e-11;157;673;29;0,0430906389301634;0,184713375796178;"GO:1902850";"GO:BP";"microtubule cytoskeleton organization involved in mitosis";21100;25976;"Down"
"1607";"query_1";TRUE;4,22377835033389e-11;2074;1126;191;0,169626998223801;0,092092574734812;"GO:0008219";"GO:BP";"cell death";21100;3560;"Down"
"1608";"query_1";TRUE;6,80859111766154e-11;1135;1112;122;0,109712230215827;0,107488986784141;"GO:0010628";"GO:BP";"positive regulation of gene expression";21100;4773;"Down"
"1609";"query_1";TRUE;7,40283798400693e-11;5452;1102;395;0,358439201451906;0,072450476889215;"GO:0010468";"GO:BP";"regulation of gene expression";21100;4649;"Down"
"1610";"query_1";TRUE;7,54917654260126e-11;831;1173;102;0,0869565217391304;0,122743682310469;"GO:0071345";"GO:BP";"cellular response to cytokine stimulus";21100;19374;"Down"
"1611";"query_1";TRUE;8,06509542187272e-11;12276;1152;791;0,686631944444444;0,0644346692733789;"GO:0050789";"GO:BP";"regulation of biological process";21100;15321;"Down"
"1612";"query_1";TRUE;9,05000636569606e-11;1642;1166;164;0,14065180102916;0,099878197320341;"GO:1902680";"GO:BP";"positive regulation of RNA biosynthetic process";21100;25830;"Down"
"1613";"query_1";TRUE;9,97511265251556e-11;347;537;38;0,0707635009310987;0,109510086455331;"GO:0045787";"GO:BP";"positive regulation of cell cycle";21100;13513;"Down"
"1614";"query_1";TRUE;1,09495680749734e-10;921;1173;109;0,092924126172208;0,118349619978284;"GO:0034097";"GO:BP";"response to cytokine";21100;9668;"Down"
"1615";"query_1";TRUE;1,12672481631145e-10;261;509;32;0,0628683693516699;0,122605363984674;"GO:1901988";"GO:BP";"negative regulation of cell cycle phase transition";21100;25246;"Down"
"1616";"query_1";TRUE;2,08977530474104e-10;1409;567;88;0,155202821869489;0,0624556422995032;"GO:0051253";"GO:BP";"negative regulation of RNA metabolic process";21100;15708;"Down"
"1617";"query_1";TRUE;2,51667354218664e-10;98;1212;29;0,0239273927392739;0,295918367346939;"GO:0032392";"GO:BP";"DNA geometric change";21100;8735;"Down"
"1618";"query_1";TRUE;2,91738296904779e-10;192;347;23;0,0662824207492795;0,119791666666667;"GO:0007051";"GO:BP";"spindle organization";21100;2964;"Down"
"1619";"query_1";TRUE;3,10623439423733e-10;273;1148;49;0,0426829268292683;0,179487179487179;"GO:0006302";"GO:BP";"double-strand break repair";21100;2317;"Down"
"1620";"query_1";TRUE;3,50315188609861e-10;388;979;55;0,0561797752808989;0,141752577319588;"GO:0045786";"GO:BP";"negative regulation of cell cycle";21100;13512;"Down"
"1621";"query_1";TRUE;3,78197688423953e-10;191;429;25;0,0582750582750583;0,130890052356021;"GO:1901991";"GO:BP";"negative regulation of mitotic cell cycle phase transition";21100;25249;"Down"
"1622";"query_1";TRUE;3,79913822418786e-10;77;354;16;0,0451977401129944;0,207792207792208;"GO:1905818";"GO:BP";"regulation of chromosome separation";21100;28670;"Down"
"1623";"query_1";TRUE;3,90335271990763e-10;7399;1202;541;0,450083194675541;0,0731179889174213;"GO:0051716";"GO:BP";"cellular response to stimulus";21100;16064;"Down"
"1624";"query_1";TRUE;5,65108061069519e-10;1636;1166;161;0,138078902229846;0,0984107579462103;"GO:0045893";"GO:BP";"positive regulation of transcription, DNA-templated";21100;13603;"Down"
"1625";"query_1";TRUE;5,65108061069519e-10;1636;1166;161;0,138078902229846;0,0984107579462103;"GO:1903508";"GO:BP";"positive regulation of nucleic acid-templated transcription";21100;26562;"Down"
"1626";"query_1";TRUE;5,99283792425373e-10;127;673;25;0,037147102526003;0,196850393700787;"GO:0007052";"GO:BP";"mitotic spindle organization";21100;2965;"Down"
"1627";"query_1";TRUE;6,5447610131436e-10;2169;1169;199;0,170230966638152;0,0917473490087598;"GO:0048584";"GO:BP";"positive regulation of response to stimulus";21100;14896;"Down"
"1628";"query_1";TRUE;7,96777423195758e-10;3719;1216;312;0,256578947368421;0,0838935197633773;"GO:0006464";"GO:BP";"cellular protein modification process";21100;2443;"Down"
"1629";"query_1";TRUE;7,96777423195758e-10;3719;1216;312;0,256578947368421;0,0838935197633773;"GO:0036211";"GO:BP";"protein modification process";21100;10936;"Down"
"1630";"query_1";TRUE;8,16746103581712e-10;177;717;30;0,0418410041841004;0,169491525423729;"GO:0044839";"GO:BP";"cell cycle G2/M phase transition";21100;13027;"Down"
"1631";"query_1";TRUE;9,13458305086443e-10;248;438;28;0,0639269406392694;0,112903225806452;"GO:0090068";"GO:BP";"positive regulation of cell cycle process";21100;21092;"Down"
"1632";"query_1";TRUE;1,0205737072959e-09;240;455;28;0,0615384615384615;0,116666666666667;"GO:0045930";"GO:BP";"negative regulation of mitotic cell cycle";21100;13638;"Down"
"1633";"query_1";TRUE;1,05524743916269e-09;96;354;17;0,0480225988700565;0,177083333333333;"GO:0051983";"GO:BP";"regulation of chromosome segregation";21100;16240;"Down"
"1634";"query_1";TRUE;1,08644576414056e-09;379;1162;59;0,0507745266781411;0,155672823218997;"GO:0140694";"GO:BP";"non-membrane-bounded organelle assembly";21100;23191;"Down"
"1635";"query_1";TRUE;1,2053762201536e-09;530;944;64;0,0677966101694915;0,120754716981132;"GO:1901361";"GO:BP";"organic cyclic compound catabolic process";21100;24666;"Down"
"1636";"query_1";TRUE;1,31817203915876e-09;442;940;57;0,0606382978723404;0,1289592760181;"GO:0034655";"GO:BP";"nucleobase-containing compound catabolic process";21100;10007;"Down"
"1637";"query_1";TRUE;1,38142868251464e-09;139;1016;31;0,030511811023622;0,223021582733813;"GO:1903900";"GO:BP";"regulation of viral life cycle";21100;26911;"Down"
"1638";"query_1";TRUE;1,92080260715126e-09;1453;996;130;0,130522088353414;0,0894700619408121;"GO:0007010";"GO:BP";"cytoskeleton organization";21100;2933;"Down"
"1639";"query_1";TRUE;2,11888619767158e-09;100;354;17;0,0480225988700565;0,17;"GO:0051304";"GO:BP";"chromosome separation";21100;15747;"Down"
"1640";"query_1";TRUE;2,45463695520528e-09;2199;1207;204;0,169014084507042;0,0927694406548431;"GO:0044248";"GO:BP";"cellular catabolic process";21100;12691;"Down"
"1641";"query_1";TRUE;2,7975569464115e-09;487;944;60;0,0635593220338983;0,123203285420945;"GO:0044270";"GO:BP";"cellular nitrogen compound catabolic process";21100;12705;"Down"
"1642";"query_1";TRUE;3,29439797231911e-09;502;944;61;0,0646186440677966;0,121513944223108;"GO:0019439";"GO:BP";"aromatic compound catabolic process";21100;6675;"Down"
"1643";"query_1";TRUE;3,49907241143645e-09;4336;1213;349;0,287716405605936;0,0804889298892989;"GO:0042221";"GO:BP";"response to chemical";21100;11621;"Down"
"1644";"query_1";TRUE;3,51598741198971e-09;129;717;25;0,0348675034867503;0,193798449612403;"GO:1902749";"GO:BP";"regulation of cell cycle G2/M phase transition";21100;25884;"Down"
"1645";"query_1";TRUE;3,80945686515336e-09;13001;1132;807;0,712897526501767;0,0620721482962849;"GO:0065007";"GO:BP";"biological regulation";21100;18612;"Down"
"1646";"query_1";TRUE;4,19042268681391e-09;1624;1213;162;0,133553173948887;0,0997536945812808;"GO:1901700";"GO:BP";"response to oxygen-containing compound";21100;24966;"Down"
"1647";"query_1";TRUE;4,66513191500168e-09;12153;516;373;0,722868217054264;0,030692010203242;"GO:0006807";"GO:BP";"nitrogen compound metabolic process";21100;2763;"Down"
"1648";"query_1";TRUE;5,23210439818869e-09;481;944;59;0,0625;0,122661122661123;"GO:0046700";"GO:BP";"heterocycle catabolic process";21100;14305;"Down"
"1649";"query_1";TRUE;7,03232868983212e-09;12674;1104;771;0,698369565217391;0,0608332018305192;"GO:0044238";"GO:BP";"primary metabolic process";21100;12685;"Down"
"1650";"query_1";TRUE;7,68183126674114e-09;130;1016;29;0,0285433070866142;0,223076923076923;"GO:0019079";"GO:BP";"viral genome replication";21100;6436;"Down"
"1651";"query_1";TRUE;7,8550583962024e-09;315;929;45;0,0484391819160387;0,142857142857143;"GO:0006401";"GO:BP";"RNA catabolic process";21100;2392;"Down"
"1652";"query_1";TRUE;9,02235113970099e-09;3895;1171;309;0,263877028181042;0,0793324775353017;"GO:0048583";"GO:BP";"regulation of response to stimulus";21100;14895;"Down"
"1653";"query_1";TRUE;9,67293238534577e-09;419;1043;57;0,0546500479386385;0,136038186157518;"GO:0016032";"GO:BP";"viral process";21100;5639;"Down"
"1654";"query_1";TRUE;1,11810086576198e-08;141;749;26;0,0347129506008011;0,184397163120567;"GO:0050684";"GO:BP";"regulation of mRNA processing";21100;15267;"Down"
"1655";"query_1";TRUE;1,2121365372558e-08;157;906;30;0,033112582781457;0,191082802547771;"GO:0043484";"GO:BP";"regulation of RNA splicing";21100;12359;"Down"
"1656";"query_1";TRUE;1,51512938302666e-08;1513;1194;150;0,125628140703518;0,0991407799074686;"GO:0009967";"GO:BP";"positive regulation of signal transduction";21100;4267;"Down"
"1657";"query_1";TRUE;1,54156569965568e-08;56;1016;19;0,0187007874015748;0,339285714285714;"GO:0045071";"GO:BP";"negative regulation of viral genome replication";21100;13116;"Down"
"1658";"query_1";TRUE;1,60255772974919e-08;161;1016;32;0,031496062992126;0,198757763975155;"GO:0050792";"GO:BP";"regulation of viral process";21100;15323;"Down"
"1659";"query_1";TRUE;1,64055808173195e-08;2559;1207;226;0,187241093620547;0,088315748339195;"GO:0009056";"GO:BP";"catabolic process";21100;3659;"Down"
"1660";"query_1";TRUE;1,76995262722312e-08;1312;1185;134;0,113080168776371;0,102134146341463;"GO:0080134";"GO:BP";"regulation of response to stress";21100;20874;"Down"
"1661";"query_1";TRUE;1,85984051439612e-08;929;109;25;0,229357798165138;0,0269106566200215;"GO:0008284";"GO:BP";"positive regulation of cell population proliferation";21100;3568;"Down"
"1662";"query_1";TRUE;2,05120638788809e-08;90;529;18;0,0340264650283554;0,2;"GO:2001251";"GO:BP";"negative regulation of chromosome organization";21100;30415;"Down"
"1663";"query_1";TRUE;2,09331099794273e-08;93;1016;24;0,0236220472440945;0,258064516129032;"GO:0048525";"GO:BP";"negative regulation of viral process";21100;14847;"Down"
"1664";"query_1";TRUE;2,2656436216091e-08;5754;1139;412;0,361720807726076;0,0716023635731665;"GO:0048856";"GO:BP";"anatomical structure development";21100;15146;"Down"
"1665";"query_1";TRUE;2,34517127431381e-08;8885;1202;619;0,514975041597338;0,0696679797411368;"GO:0050896";"GO:BP";"response to stimulus";21100;15410;"Down"
"1666";"query_1";TRUE;2,54966880705914e-08;86;1016;23;0,0226377952755906;0,267441860465116;"GO:0045069";"GO:BP";"regulation of viral genome replication";21100;13114;"Down"
"1667";"query_1";TRUE;2,98019637622812e-08;255;1112;43;0,0386690647482014;0,168627450980392;"GO:0043122";"GO:BP";"regulation of I-kappaB kinase/NF-kappaB signaling";21100;12154;"Down"
"1668";"query_1";TRUE;3,26014994379854e-08;6317;1139;444;0,389815627743635;0,070286528415387;"GO:0032502";"GO:BP";"developmental process";21100;8804;"Down"
"1669";"query_1";TRUE;3,36127059975317e-08;12865;1104;777;0,703804347826087;0,0603964244073066;"GO:0044237";"GO:BP";"cellular metabolic process";21100;12684;"Down"
"1670";"query_1";TRUE;3,4487098326776e-08;1170;997;108;0,108324974924774;0,0923076923076923;"GO:0043085";"GO:BP";"positive regulation of catalytic activity";21100;12129;"Down"
"1671";"query_1";TRUE;3,55558136807055e-08;105;749;22;0,0293724966622163;0,20952380952381;"GO:0048024";"GO:BP";"regulation of mRNA splicing, via spliceosome";21100;14500;"Down"
"1672";"query_1";TRUE;4,07634392272006e-08;1152;937;102;0,108858057630736;0,0885416666666667;"GO:0044265";"GO:BP";"cellular macromolecule catabolic process";21100;12702;"Down"
"1673";"query_1";TRUE;4,17282588658497e-08;879;1212;101;0,0833333333333333;0,11490329920364;"GO:0033993";"GO:BP";"response to lipid";21100;9631;"Down"
"1674";"query_1";TRUE;4,38659879802149e-08;4768;1200;368;0,306666666666667;0,0771812080536913;"GO:0007275";"GO:BP";"multicellular organism development";21100;3166;"Down"
"1675";"query_1";TRUE;4,39871094455828e-08;2345;1197;208;0,173767752715121;0,0886993603411514;"GO:0050790";"GO:BP";"regulation of catalytic activity";21100;15322;"Down"
"1676";"query_1";TRUE;4,45148106546075e-08;203;929;34;0,0365984930032293;0,167487684729064;"GO:0061013";"GO:BP";"regulation of mRNA catabolic process";21100;17762;"Down"
"1677";"query_1";TRUE;4,7284864670485e-08;2103;1205;192;0,159336099585062;0,0912981455064194;"GO:1901575";"GO:BP";"organic substance catabolic process";21100;24863;"Down"
"1678";"query_1";TRUE;5,08574930166671e-08;313;1027;46;0,0447906523855891;0,146964856230032;"GO:0019058";"GO:BP";"viral life cycle";21100;6418;"Down"
"1679";"query_1";TRUE;9,59086624571592e-08;161;717;26;0,0362622036262204;0,161490683229814;"GO:0000086";"GO:BP";"G2/M transition of mitotic cell cycle";21100;45;"Down"
"1680";"query_1";TRUE;1,00247366679183e-07;92;1212;25;0,0206270627062706;0,271739130434783;"GO:0032508";"GO:BP";"DNA duplex unwinding";21100;8809;"Down"
"1681";"query_1";TRUE;1,06033010275914e-07;175;509;23;0,0451866404715128;0,131428571428571;"GO:0000075";"GO:BP";"cell cycle checkpoint signaling";21100;35;"Down"
"1682";"query_1";TRUE;1,24177121449051e-07;1658;1200;158;0,131666666666667;0,0952955367913148;"GO:0042127";"GO:BP";"regulation of cell population proliferation";21100;11549;"Down"
"1683";"query_1";TRUE;1,30065630354801e-07;389;1102;54;0,0490018148820327;0,138817480719794;"GO:0009615";"GO:BP";"response to virus";21100;3986;"Down"
"1684";"query_1";TRUE;1,4130732174824e-07;288;1112;45;0,0404676258992806;0,15625;"GO:0007249";"GO:BP";"I-kappaB kinase/NF-kappaB signaling";21100;3142;"Down"
"1685";"query_1";TRUE;1,43734091023742e-07;2653;1126;216;0,191829484902309;0,081417263475311;"GO:0006366";"GO:BP";"transcription by RNA polymerase II";21100;2362;"Down"
"1686";"query_1";TRUE;1,45097263318468e-07;117;717;22;0,0306834030683403;0,188034188034188;"GO:0010389";"GO:BP";"regulation of G2/M transition of mitotic cell cycle";21100;4580;"Down"
"1687";"query_1";TRUE;1,46996416199952e-07;1691;1131;153;0,135278514588859;0,0904790065050266;"GO:1902531";"GO:BP";"regulation of intracellular signal transduction";21100;25711;"Down"
"1688";"query_1";TRUE;1,62230863558157e-07;1211;1142;120;0,10507880910683;0,0990916597853014;"GO:0045944";"GO:BP";"positive regulation of transcription by RNA polymerase II";21100;13651;"Down"
"1689";"query_1";TRUE;2,15120569502353e-07;191;1109;35;0,0315599639314698;0,183246073298429;"GO:0043123";"GO:BP";"positive regulation of I-kappaB kinase/NF-kappaB signaling";21100;12155;"Down"
"1690";"query_1";TRUE;2,30569596877031e-07;1592;1126;145;0,128774422735346;0,0910804020100503;"GO:0010941";"GO:BP";"regulation of cell death";21100;5062;"Down"
"1691";"query_1";TRUE;2,35174142943018e-07;1448;1126;135;0,119893428063943;0,093232044198895;"GO:0043067";"GO:BP";"regulation of programmed cell death";21100;12124;"Down"
"1692";"query_1";TRUE;3,05226192814644e-07;1508;1107;137;0,123757904245709;0,0908488063660478;"GO:0010558";"GO:BP";"negative regulation of macromolecule biosynthetic process";21100;4709;"Down"
"1693";"query_1";TRUE;4,50182348805654e-07;505;1166;65;0,055746140651801;0,128712871287129;"GO:0016570";"GO:BP";"histone modification";21100;5846;"Down"
"1694";"query_1";TRUE;4,75114700245427e-07;2947;1171;240;0,204953031596926;0,0814387512724805;"GO:0009966";"GO:BP";"regulation of signal transduction";21100;4266;"Down"
"1695";"query_1";TRUE;5,19231680789533e-07;188;929;31;0,0333692142088267;0,164893617021277;"GO:0043488";"GO:BP";"regulation of mRNA stability";21100;12363;"Down"
"1696";"query_1";TRUE;5,31457513964196e-07;69;548;15;0,0273722627737226;0,217391304347826;"GO:1902373";"GO:BP";"negative regulation of mRNA catabolic process";21100;25599;"Down"
"1697";"query_1";TRUE;5,58917829931344e-07;131;435;18;0,0413793103448276;0,137404580152672;"GO:0006275";"GO:BP";"regulation of DNA replication";21100;2291;"Down"
"1698";"query_1";TRUE;5,63550119843378e-07;259;550;28;0,0509090909090909;0,108108108108108;"GO:2001020";"GO:BP";"regulation of response to DNA damage stimulus";21100;30220;"Down"
"1699";"query_1";TRUE;6,2339851346556e-07;2803;1084;216;0,199261992619926;0,0770602925437032;"GO:0006793";"GO:BP";"phosphorus metabolic process";21100;2749;"Down"
"1700";"query_1";TRUE;6,62757538903952e-07;22;284;8;0,028169014084507;0,363636363636364;"GO:0006268";"GO:BP";"DNA unwinding involved in DNA replication";21100;2284;"Down"
"1701";"query_1";TRUE;6,73198486506547e-07;201;929;32;0,0344456404736276;0,159203980099502;"GO:0043487";"GO:BP";"regulation of RNA stability";21100;12362;"Down"
"1702";"query_1";TRUE;6,99619792622724e-07;1566;1215;150;0,123456790123457;0,0957854406130268;"GO:0031327";"GO:BP";"negative regulation of cellular biosynthetic process";21100;8259;"Down"
"1703";"query_1";TRUE;7,36327661016477e-07;8165;372;203;0,545698924731183;0,0248622167789345;"GO:0046483";"GO:BP";"heterocycle metabolic process";21100;14160;"Down"
"1704";"query_1";TRUE;7,56383393350057e-07;122;607;20;0,0329489291598023;0,163934426229508;"GO:0051225";"GO:BP";"spindle assembly";21100;15686;"Down"
"1705";"query_1";TRUE;7,69883232888145e-07;8829;372;215;0,577956989247312;0,0243515686940763;"GO:0034641";"GO:BP";"cellular nitrogen compound metabolic process";21100;9997;"Down"
"1706";"query_1";TRUE;7,86197172600543e-07;1130;1213;117;0,0964550700741962;0,10353982300885;"GO:0009628";"GO:BP";"response to abiotic stimulus";21100;3996;"Down"
"1707";"query_1";TRUE;8,0525921740812e-07;1285;994;111;0,111670020120724;0,0863813229571984;"GO:0018193";"GO:BP";"peptidyl-amino acid modification";21100;6073;"Down"
"1708";"query_1";TRUE;8,80057367671192e-07;2781;1084;214;0,197416974169742;0,0769507371449119;"GO:0006796";"GO:BP";"phosphate-containing compound metabolic process";21100;2752;"Down"
"1709";"query_1";TRUE;9,90275581301578e-07;134;498;19;0,0381526104417671;0,141791044776119;"GO:0007093";"GO:BP";"mitotic cell cycle checkpoint signaling";21100;3002;"Down"
"1710";"query_1";TRUE;1,02682833561459e-06;352;1217;52;0,0427280197206245;0,147727272727273;"GO:0010639";"GO:BP";"negative regulation of organelle organization";21100;4784;"Down"
"1711";"query_1";TRUE;1,03088767729434e-06;3513;1126;266;0,236234458259325;0,0757187588955309;"GO:0048513";"GO:BP";"animal organ development";21100;14835;"Down"
"1712";"query_1";TRUE;1,0341522818971e-06;630;673;52;0,0772659732540862;0,0825396825396825;"GO:0000226";"GO:BP";"microtubule cytoskeleton organization";21100;103;"Down"
"1713";"query_1";TRUE;1,12236376014302e-06;43;533;12;0,0225140712945591;0,27906976744186;"GO:0044786";"GO:BP";"cell cycle DNA replication";21100;12990;"Down"
"1714";"query_1";TRUE;1,27353612645798e-06;1419;1121;130;0,115967885816236;0,0916138125440451;"GO:0042981";"GO:BP";"regulation of apoptotic process";21100;12064;"Down"
"1715";"query_1";TRUE;1,32193241700801e-06;267;1102;41;0,0372050816696915;0,153558052434457;"GO:0006402";"GO:BP";"mRNA catabolic process";21100;2393;"Down"
"1716";"query_1";TRUE;1,3576361451161e-06;113;347;15;0,0432276657060519;0,132743362831858;"GO:0007088";"GO:BP";"regulation of mitotic nuclear division";21100;2998;"Down"
"1717";"query_1";TRUE;1,39000532942275e-06;1595;1215;151;0,124279835390947;0,0946708463949843;"GO:0009890";"GO:BP";"negative regulation of biosynthetic process";21100;4210;"Down"
"1718";"query_1";TRUE;1,40541249491767e-06;1659;1109;145;0,130748422001803;0,0874020494273659;"GO:0044419";"GO:BP";"biological process involved in interspecies interaction between organisms";21100;12783;"Down"
"1719";"query_1";TRUE;1,45422622802024e-06;3361;569;147;0,258347978910369;0,0437369830407617;"GO:0010605";"GO:BP";"negative regulation of macromolecule metabolic process";21100;4751;"Down"
"1720";"query_1";TRUE;1,48462992012196e-06;1406;1134;130;0,114638447971781;0,0924608819345661;"GO:0032270";"GO:BP";"positive regulation of cellular protein metabolic process";21100;8642;"Down"
"1721";"query_1";TRUE;1,60206697805622e-06;91;370;14;0,0378378378378378;0,153846153846154;"GO:1901992";"GO:BP";"positive regulation of mitotic cell cycle phase transition";21100;25250;"Down"
"1722";"query_1";TRUE;1,61720508648095e-06;1711;1194;157;0,131490787269682;0,0917592051431911;"GO:0010647";"GO:BP";"positive regulation of cell communication";21100;4792;"Down"
"1723";"query_1";TRUE;1,63279090134089e-06;1493;1168;139;0,119006849315068;0,0931011386470194;"GO:0051247";"GO:BP";"positive regulation of protein metabolic process";21100;15702;"Down"
"1724";"query_1";TRUE;1,67366789252793e-06;509;1139;63;0,0553116769095698;0,1237721021611;"GO:0010638";"GO:BP";"positive regulation of organelle organization";21100;4783;"Down"
"1725";"query_1";TRUE;1,76980448009009e-06;657;1185;77;0,0649789029535865;0,117199391171994;"GO:0080135";"GO:BP";"regulation of cellular response to stress";21100;20875;"Down"
"1726";"query_1";TRUE;1,87251053775637e-06;65;354;12;0,0338983050847458;0,184615384615385;"GO:0044784";"GO:BP";"metaphase/anaphase transition of cell cycle";21100;12988;"Down"
"1727";"query_1";TRUE;1,91279621991211e-06;1715;1194;157;0,131490787269682;0,0915451895043732;"GO:0023056";"GO:BP";"positive regulation of signaling";21100;7652;"Down"
"1728";"query_1";TRUE;2,05740202804385e-06;678;1217;80;0,0657354149548069;0,117994100294985;"GO:0051129";"GO:BP";"negative regulation of cellular component organization";21100;15599;"Down"
"1729";"query_1";TRUE;2,05958959718532e-06;2559;1126;205;0,182060390763766;0,0801094177413052;"GO:0006357";"GO:BP";"regulation of transcription by RNA polymerase II";21100;2355;"Down"
"1730";"query_1";TRUE;2,28235943176192e-06;3570;1107;264;0,238482384823848;0,0739495798319328;"GO:0009892";"GO:BP";"negative regulation of metabolic process";21100;4212;"Down"
"1731";"query_1";TRUE;2,34446258013717e-06;119;400;16;0,04;0,134453781512605;"GO:0045931";"GO:BP";"positive regulation of mitotic cell cycle";21100;13639;"Down"
"1732";"query_1";TRUE;2,35887957809983e-06;197;394;20;0,050761421319797;0,101522842639594;"GO:0071897";"GO:BP";"DNA biosynthetic process";21100;19795;"Down"
"1733";"query_1";TRUE;2,36361483533097e-06;302;1030;42;0,0407766990291262;0,139072847682119;"GO:0048511";"GO:BP";"rhythmic process";21100;14833;"Down"
"1734";"query_1";TRUE;2,43870019692135e-06;1046;1139;104;0,0913081650570676;0,0994263862332696;"GO:0051130";"GO:BP";"positive regulation of cellular component organization";21100;15600;"Down"
"1735";"query_1";TRUE;2,71428271847662e-06;8224;461;243;0,527114967462039;0,0295476653696498;"GO:0006725";"GO:BP";"cellular aromatic compound metabolic process";21100;2692;"Down"
"1736";"query_1";TRUE;3,34042277766728e-06;8461;461;248;0,537960954446855;0,0293109561517551;"GO:1901360";"GO:BP";"organic cyclic compound metabolic process";21100;24665;"Down"
"1737";"query_1";TRUE;4,04717154918254e-06;81;929;19;0,0204520990312164;0,234567901234568;"GO:1902369";"GO:BP";"negative regulation of RNA catabolic process";21100;25595;"Down"
"1738";"query_1";TRUE;4,44360105105662e-06;38;290;9;0,0310344827586207;0,236842105263158;"GO:0006270";"GO:BP";"DNA replication initiation";21100;2286;"Down"
"1739";"query_1";TRUE;4,50106346252527e-06;1359;554;74;0,133574007220217;0,0544518027961737;"GO:0009057";"GO:BP";"macromolecule catabolic process";21100;3660;"Down"
"1740";"query_1";TRUE;4,63904455180434e-06;1527;562;81;0,144128113879004;0,0530451866404715;"GO:0031399";"GO:BP";"regulation of protein modification process";21100;8297;"Down"
"1741";"query_1";TRUE;4,74986480054637e-06;116;370;15;0,0405405405405405;0,129310344827586;"GO:1901989";"GO:BP";"positive regulation of cell cycle phase transition";21100;25247;"Down"
"1742";"query_1";TRUE;4,75708110143246e-06;62;317;11;0,0347003154574132;0,17741935483871;"GO:0007091";"GO:BP";"metaphase/anaphase transition of mitotic cell cycle";21100;3001;"Down"
"1743";"query_1";TRUE;4,77086307249834e-06;142;1212;29;0,0239273927392739;0,204225352112676;"GO:0010212";"GO:BP";"response to ionizing radiation";21100;4468;"Down"
"1744";"query_1";TRUE;4,94172308819917e-06;7998;372;197;0,529569892473118;0,0246311577894474;"GO:0006139";"GO:BP";"nucleobase-containing compound metabolic process";21100;2164;"Down"
"1745";"query_1";TRUE;5,0919471263097e-06;562;720;49;0,0680555555555555;0,0871886120996441;"GO:0055086";"GO:BP";"nucleobase-containing small molecule metabolic process";21100;16789;"Down"
"1746";"query_1";TRUE;5,1170580854252e-06;2781;1137;219;0,192612137203166;0,0787486515641855;"GO:0002376";"GO:BP";"immune system process";21100;1029;"Down"
"1747";"query_1";TRUE;6,03177109703959e-06;1166;1134;111;0,0978835978835979;0,0951972555746141;"GO:1901701";"GO:BP";"cellular response to oxygen-containing compound";21100;24967;"Down"
"1748";"query_1";TRUE;6,23334918962689e-06;148;560;20;0,0357142857142857;0,135135135135135;"GO:0000723";"GO:BP";"telomere maintenance";21100;258;"Down"
"1749";"query_1";TRUE;6,77617849080219e-06;64;317;11;0,0347003154574132;0,171875;"GO:0010965";"GO:BP";"regulation of mitotic sister chromatid separation";21100;5082;"Down"
"1750";"query_1";TRUE;7,23406456194195e-06;731;1118;78;0,0697674418604651;0,106703146374829;"GO:0030162";"GO:BP";"regulation of proteolysis";21100;7719;"Down"
"1751";"query_1";TRUE;7,57847880204622e-06;73;354;12;0,0338983050847458;0,164383561643836;"GO:0033045";"GO:BP";"regulation of sister chromatid segregation";21100;9207;"Down"
"1752";"query_1";TRUE;7,82547561895791e-06;1110;1168;109;0,0933219178082192;0,0981981981981982;"GO:0009790";"GO:BP";"embryo development";21100;4132;"Down"
"1753";"query_1";TRUE;8,48217591509994e-06;893;418;46;0,110047846889952;0,051511758118701;"GO:0051338";"GO:BP";"regulation of transferase activity";21100;15778;"Down"
"1754";"query_1";TRUE;8,63857943374488e-06;4313;1200;327;0,2725;0,0758172965453281;"GO:0048731";"GO:BP";"system development";21100;15031;"Down"
"1755";"query_1";TRUE;8,87852419597673e-06;148;633;21;0,033175355450237;0,141891891891892;"GO:0009411";"GO:BP";"response to UV";21100;3916;"Down"
"1756";"query_1";TRUE;9,32222363089646e-06;3336;1172;259;0,22098976109215;0,0776378896882494;"GO:0010646";"GO:BP";"regulation of cell communication";21100;4791;"Down"
"1757";"query_1";TRUE;1,04070627287363e-05;1009;996;90;0,0903614457831325;0,089197224975223;"GO:0009894";"GO:BP";"regulation of catabolic process";21100;4214;"Down"
"1758";"query_1";TRUE;1,04548551557144e-05;485;720;44;0,0611111111111111;0,0907216494845361;"GO:0009117";"GO:BP";"nucleotide metabolic process";21100;3718;"Down"
"1759";"query_1";TRUE;1,12507009739471e-05;67;317;11;0,0347003154574132;0,164179104477612;"GO:0051306";"GO:BP";"mitotic sister chromatid separation";21100;15749;"Down"
"1760";"query_1";TRUE;1,20846301337763e-05;975;1194;100;0,0837520938023451;0,102564102564103;"GO:1902533";"GO:BP";"positive regulation of intracellular signal transduction";21100;25713;"Down"
"1761";"query_1";TRUE;1,25127760565332e-05;788;1126;82;0,0728241563055062;0,104060913705584;"GO:0000165";"GO:BP";"MAPK cascade";21100;72;"Down"
"1762";"query_1";TRUE;1,35647570616337e-05;193;138;12;0,0869565217391304;0,0621761658031088;"GO:0000302";"GO:BP";"response to reactive oxygen species";21100;132;"Down"
"1763";"query_1";TRUE;1,42925839651922e-05;3351;1172;259;0,22098976109215;0,0772903610862429;"GO:0023051";"GO:BP";"regulation of signaling";21100;7647;"Down"
"1764";"query_1";TRUE;1,52008229821395e-05;274;144;14;0,0972222222222222;0,0510948905109489;"GO:0034599";"GO:BP";"cellular response to oxidative stress";21100;9974;"Down"
"1765";"query_1";TRUE;1,70196271374659e-05;1940;1169;166;0,142001710863986;0,0855670103092784;"GO:0009888";"GO:BP";"tissue development";21100;4208;"Down"
"1766";"query_1";TRUE;1,79319285479146e-05;63;354;11;0,0310734463276836;0,174603174603175;"GO:1902099";"GO:BP";"regulation of metaphase/anaphase transition of cell cycle";21100;25349;"Down"
"1767";"query_1";TRUE;1,93884807569615e-05;495;720;44;0,0611111111111111;0,0888888888888889;"GO:0006753";"GO:BP";"nucleoside phosphate metabolic process";21100;2716;"Down"
"1768";"query_1";TRUE;1,9912233469432e-05;996;1212;102;0,0841584158415842;0,102409638554217;"GO:0002520";"GO:BP";"immune system development";21100;1165;"Down"
"1769";"query_1";TRUE;1,99804299232343e-05;165;76;9;0,118421052631579;0,0545454545454545;"GO:0036294";"GO:BP";"cellular response to decreased oxygen levels";21100;10996;"Down"
"1770";"query_1";TRUE;2,17275180424733e-05;38;1195;14;0,0117154811715481;0,368421052631579;"GO:0033260";"GO:BP";"nuclear DNA replication";21100;9326;"Down"
"1771";"query_1";TRUE;2,24978190539153e-05;14;1195;9;0,00753138075313808;0,642857142857143;"GO:1902969";"GO:BP";"mitotic DNA replication";21100;26084;"Down"
"1772";"query_1";TRUE;2,3547067432103e-05;1067;929;88;0,0947255113024758;0,0824742268041237;"GO:0070647";"GO:BP";"protein modification by small protein conjugation or removal";21100;18983;"Down"
"1773";"query_1";TRUE;2,42314784095789e-05;1882;1084;152;0,140221402214022;0,0807651434643996;"GO:0016310";"GO:BP";"phosphorylation";21100;5776;"Down"
"1774";"query_1";TRUE;2,4369755958935e-05;21;702;9;0,0128205128205128;0,428571428571429;"GO:0032069";"GO:BP";"regulation of nuclease activity";21100;8510;"Down"
"1775";"query_1";TRUE;2,64901940768796e-05;573;1212;68;0,0561056105610561;0,118673647469459;"GO:0071396";"GO:BP";"cellular response to lipid";21100;19425;"Down"
"1776";"query_1";TRUE;2,69533017949254e-05;26;549;9;0,0163934426229508;0,346153846153846;"GO:0033119";"GO:BP";"negative regulation of RNA splicing";21100;9250;"Down"
"1777";"query_1";TRUE;2,81621177218801e-05;124;394;15;0,0380710659898477;0,120967741935484;"GO:2000278";"GO:BP";"regulation of DNA biosynthetic process";21100;29500;"Down"
"1778";"query_1";TRUE;3,02947298692794e-05;141;347;15;0,0432276657060519;0,106382978723404;"GO:0051783";"GO:BP";"regulation of nuclear division";21100;16090;"Down"
"1779";"query_1";TRUE;3,04458083356784e-05;71;607;14;0,0230642504118616;0,197183098591549;"GO:0090307";"GO:BP";"mitotic spindle assembly";21100;21318;"Down"
"1780";"query_1";TRUE;3,0676866953764e-05;871;1127;87;0,0771960958296362;0,0998851894374282;"GO:0031329";"GO:BP";"regulation of cellular catabolic process";21100;8261;"Down"
"1781";"query_1";TRUE;3,0990223486471e-05;325;662;32;0,0483383685800604;0,0984615384615385;"GO:0009895";"GO:BP";"negative regulation of catabolic process";21100;4215;"Down"
"1782";"query_1";TRUE;3,22306524675317e-05;901;1212;94;0,0775577557755776;0,104328523862375;"GO:0014070";"GO:BP";"response to organic cyclic compound";21100;5183;"Down"
"1783";"query_1";TRUE;3,22859644832338e-05;435;1212;56;0,0462046204620462;0,128735632183908;"GO:0048732";"GO:BP";"gland development";21100;15032;"Down"
"1784";"query_1";TRUE;3,25854908693184e-05;592;1104;65;0,0588768115942029;0,109797297297297;"GO:0097190";"GO:BP";"apoptotic signaling pathway";21100;21694;"Down"
"1785";"query_1";TRUE;3,2841264266553e-05;394;1164;51;0,0438144329896907;0,129441624365482;"GO:0001701";"GO:BP";"in utero embryonic development";21100;504;"Down"
"1786";"query_1";TRUE;3,28806039345152e-05;179;560;21;0,0375;0,11731843575419;"GO:0032200";"GO:BP";"telomere organization";21100;8577;"Down"
"1787";"query_1";TRUE;3,6248815764306e-05;1787;1205;158;0,131120331950207;0,0884163402350308;"GO:0006508";"GO:BP";"proteolysis";21100;2483;"Down"
"1788";"query_1";TRUE;4,47797117747943e-05;181;76;9;0,118421052631579;0,0497237569060773;"GO:0071453";"GO:BP";"cellular response to oxygen levels";21100;19475;"Down"
"1789";"query_1";TRUE;4,69922191995836e-05;1796;1090;146;0,13394495412844;0,0812917594654788;"GO:0044281";"GO:BP";"small molecule metabolic process";21100;12712;"Down"
"1790";"query_1";TRUE;4,93098695084347e-05;60;317;10;0,0315457413249211;0,166666666666667;"GO:0030071";"GO:BP";"regulation of mitotic metaphase/anaphase transition";21100;7695;"Down"
"1791";"query_1";TRUE;5,3438014668787e-05;179;576;21;0,0364583333333333;0,11731843575419;"GO:0000910";"GO:BP";"cytokinesis";21100;312;"Down"
"1792";"query_1";TRUE;5,41938858490296e-05;321;1202;45;0,0374376039933444;0,14018691588785;"GO:0006310";"GO:BP";"DNA recombination";21100;2325;"Down"
"1793";"query_1";TRUE;5,48413819236688e-05;210;633;24;0,037914691943128;0,114285714285714;"GO:0007623";"GO:BP";"circadian rhythm";21100;3483;"Down"
"1794";"query_1";TRUE;5,67865465613452e-05;1293;415;56;0,134939759036145;0,0433101314771848;"GO:0045892";"GO:BP";"negative regulation of transcription, DNA-templated";21100;13602;"Down"
"1795";"query_1";TRUE;5,98754046944268e-05;1295;415;56;0,134939759036145;0,0432432432432432;"GO:1903507";"GO:BP";"negative regulation of nucleic acid-templated transcription";21100;26561;"Down"
"1796";"query_1";TRUE;6,31233209138177e-05;1297;415;56;0,134939759036145;0,0431765612952968;"GO:1902679";"GO:BP";"negative regulation of RNA biosynthetic process";21100;25829;"Down"
"1797";"query_1";TRUE;6,39845710004547e-05;313;1112;42;0,0377697841726619;0,134185303514377;"GO:0051169";"GO:BP";"nuclear transport";21100;15638;"Down"
"1798";"query_1";TRUE;6,39845710004547e-05;313;1112;42;0,0377697841726619;0,134185303514377;"GO:0006913";"GO:BP";"nucleocytoplasmic transport";21100;2853;"Down"
"1799";"query_1";TRUE;6,51803875223159e-05;992;1213;100;0,0824402308326463;0,100806451612903;"GO:0051336";"GO:BP";"regulation of hydrolase activity";21100;15776;"Down"
"1800";"query_1";TRUE;6,60481104180341e-05;164;892;25;0,0280269058295964;0,152439024390244;"GO:0000724";"GO:BP";"double-strand break repair via homologous recombination";21100;259;"Down"
"1801";"query_1";TRUE;6,6115793484229e-05;246;1215;38;0,0312757201646091;0,154471544715447;"GO:0031098";"GO:BP";"stress-activated protein kinase signaling cascade";21100;8146;"Down"
"1802";"query_1";TRUE;7,51660534322076e-05;420;91;13;0,142857142857143;0,030952380952381;"GO:0006979";"GO:BP";"response to oxidative stress";21100;2908;"Down"
"1803";"query_1";TRUE;7,5355468754757e-05;21;549;8;0,0145719489981785;0,380952380952381;"GO:0048025";"GO:BP";"negative regulation of mRNA splicing, via spliceosome";21100;14501;"Down"
"1804";"query_1";TRUE;7,67915783095912e-05;34;317;8;0,0252365930599369;0,235294117647059;"GO:0007143";"GO:BP";"female meiotic nuclear division";21100;3048;"Down"
"1805";"query_1";TRUE;8,00936884411216e-05;2666;1137;206;0,18117854001759;0,0772693173293323;"GO:0051239";"GO:BP";"regulation of multicellular organismal process";21100;15697;"Down"
"1806";"query_1";TRUE;8,11467755915899e-05;43;354;9;0,0254237288135593;0,209302325581395;"GO:1902100";"GO:BP";"negative regulation of metaphase/anaphase transition of cell cycle";21100;25350;"Down"
"1807";"query_1";TRUE;8,36274796369936e-05;323;1212;45;0,0371287128712871;0,139318885448916;"GO:0062197";"GO:BP";"cellular response to chemical stress";21100;18583;"Down"
"1808";"query_1";TRUE;8,3992277553099e-05;60;929;15;0,0161463939720129;0,25;"GO:0048255";"GO:BP";"mRNA stabilization";21100;14643;"Down"
"1809";"query_1";TRUE;8,45675844191002e-05;166;892;25;0,0280269058295964;0,150602409638554;"GO:0000725";"GO:BP";"recombinational repair";21100;260;"Down"
"1810";"query_1";TRUE;8,65557587278253e-05;573;1197;66;0,0551378446115288;0,115183246073298;"GO:0051345";"GO:BP";"positive regulation of hydrolase activity";21100;15785;"Down"
"1811";"query_1";TRUE;9,04546796463791e-05;296;1103;40;0,0362647325475975;0,135135135135135;"GO:0097193";"GO:BP";"intrinsic apoptotic signaling pathway";21100;21697;"Down"
"1812";"query_1";TRUE;9,05174275638532e-05;575;562;40;0,0711743772241993;0,0695652173913043;"GO:0051347";"GO:BP";"positive regulation of transferase activity";21100;15787;"Down"
"1813";"query_1";TRUE;9,34670485193006e-05;69;929;16;0,0172228202368138;0,231884057971014;"GO:0043489";"GO:BP";"RNA stabilization";21100;12364;"Down"
"1814";"query_1";TRUE;9,47705247602918e-05;239;1215;37;0,0304526748971193;0,154811715481172;"GO:0051403";"GO:BP";"stress-activated MAPK cascade";21100;15824;"Down"
"1815";"query_1";TRUE;9,86784915300129e-05;403;1142;50;0,0437828371278459;0,124069478908189;"GO:0018205";"GO:BP";"peptidyl-lysine modification";21100;6085;"Down"
"1816";"query_1";TRUE;0,000112050472196133;383;720;36;0,05;0,0939947780678851;"GO:0009259";"GO:BP";"ribonucleotide metabolic process";21100;3856;"Down"
"1817";"query_1";TRUE;0,000112363987336724;904;713;63;0,08835904628331;0,0696902654867257;"GO:0007017";"GO:BP";"microtubule-based process";21100;2938;"Down"
"1818";"query_1";TRUE;0,000112469156234296;30;549;9;0,0163934426229508;0,3;"GO:0050686";"GO:BP";"negative regulation of mRNA processing";21100;15269;"Down"
"1819";"query_1";TRUE;0,000119189642232177;199;1102;31;0,0281306715063521;0,155778894472362;"GO:0006403";"GO:BP";"RNA localization";21100;2394;"Down"
"1820";"query_1";TRUE;0,000123804004370858;45;354;9;0,0254237288135593;0,2;"GO:0051985";"GO:BP";"negative regulation of chromosome segregation";21100;16242;"Down"
"1821";"query_1";TRUE;0,000123804004370858;45;354;9;0,0254237288135593;0,2;"GO:1905819";"GO:BP";"negative regulation of chromosome separation";21100;28671;"Down"
"1822";"query_1";TRUE;0,000128792509222155;161;96;9;0,09375;0,0559006211180124;"GO:0007292";"GO:BP";"female gamete generation";21100;3183;"Down"
"1823";"query_1";TRUE;0,000133964574462685;907;929;76;0,0818083961248654;0,0837927232635061;"GO:0032446";"GO:BP";"protein modification by small protein conjugation";21100;8760;"Down"
"1824";"query_1";TRUE;0,000145001665849089;674;1164;72;0,0618556701030928;0,106824925816024;"GO:0009792";"GO:BP";"embryo development ending in birth or egg hatching";21100;4134;"Down"
"1825";"query_1";TRUE;0,000148176212826305;130;1102;24;0,0217785843920145;0,184615384615385;"GO:0051028";"GO:BP";"mRNA transport";21100;15523;"Down"
"1826";"query_1";TRUE;0,000150313783662944;175;685;22;0,0321167883211679;0,125714285714286;"GO:0072331";"GO:BP";"signal transduction by p53 class mediator";21100;20194;"Down"
"1827";"query_1";TRUE;0,000152258725342995;163;738;22;0,029810298102981;0,134969325153374;"GO:0050657";"GO:BP";"nucleic acid transport";21100;15249;"Down"
"1828";"query_1";TRUE;0,000152258725342995;163;738;22;0,029810298102981;0,134969325153374;"GO:0050658";"GO:BP";"RNA transport";21100;15250;"Down"
"1829";"query_1";TRUE;0,000160493804356704;289;1155;40;0,0346320346320346;0,13840830449827;"GO:0044403";"GO:BP";"biological process involved in symbiotic interaction";21100;12771;"Down"
"1830";"query_1";TRUE;0,000160881448514665;13889;560;426;0,760714285714286;0,030671754625963;"GO:0071704";"GO:BP";"organic substance metabolic process";21100;19683;"Down"
"1831";"query_1";TRUE;0,000164916543255915;538;204;21;0,102941176470588;0,0390334572490706;"GO:0010035";"GO:BP";"response to inorganic substance";21100;4309;"Down"
"1832";"query_1";TRUE;0,00018507151027192;1434;1110;122;0,10990990990991;0,0850767085076709;"GO:0051240";"GO:BP";"positive regulation of multicellular organismal process";21100;15698;"Down"
"1833";"query_1";TRUE;0,000197708398395099;1034;1112;95;0,085431654676259;0,0918762088974855;"GO:0051248";"GO:BP";"negative regulation of protein metabolic process";21100;15703;"Down"
"1834";"query_1";TRUE;0,000211933956830265;166;738;22;0,029810298102981;0,132530120481928;"GO:0051236";"GO:BP";"establishment of RNA localization";21100;15694;"Down"
"1835";"query_1";TRUE;0,00021464909588827;393;720;36;0,05;0,0916030534351145;"GO:0019693";"GO:BP";"ribose phosphate metabolic process";21100;6913;"Down"
"1836";"query_1";TRUE;0,000221316954936911;1010;199;29;0,14572864321608;0,0287128712871287;"GO:0010243";"GO:BP";"response to organonitrogen compound";21100;4496;"Down"
"1837";"query_1";TRUE;0,000234560625451174;4184;1149;299;0,260226283724978;0,0714627151051625;"GO:0048869";"GO:BP";"cellular developmental process";21100;15158;"Down"
"1838";"query_1";TRUE;0,000236388652541861;295;1102;39;0,0353901996370236;0,132203389830508;"GO:0051607";"GO:BP";"defense response to virus";21100;15969;"Down"
"1839";"query_1";TRUE;0,000237357336202781;1099;1213;106;0,0873866446826051;0,0964513193812557;"GO:0072359";"GO:BP";"circulatory system development";21100;20215;"Down"
"1840";"query_1";TRUE;0,000238409238650472;1386;998;109;0,109218436873747;0,0786435786435786;"GO:0019220";"GO:BP";"regulation of phosphate metabolic process";21100;6472;"Down"
"1841";"query_1";TRUE;0,000241210858299162;157;76;8;0,105263157894737;0,0509554140127389;"GO:0071456";"GO:BP";"cellular response to hypoxia";21100;19478;"Down"
"1842";"query_1";TRUE;0,00024193470847579;1549;1109;129;0,116321009918846;0,0832795351839897;"GO:0009607";"GO:BP";"response to biotic stimulus";21100;3979;"Down"
"1843";"query_1";TRUE;0,000253240778354619;196;1158;31;0,0267702936096718;0,158163265306122;"GO:0002833";"GO:BP";"positive regulation of response to biotic stimulus";21100;1467;"Down"
"1844";"query_1";TRUE;0,000256533738646027;1388;998;109;0,109218436873747;0,0785302593659942;"GO:0051174";"GO:BP";"regulation of phosphorus metabolic process";21100;15643;"Down"
"1845";"query_1";TRUE;0,00025886698751676;296;1102;39;0,0353901996370236;0,131756756756757;"GO:0140546";"GO:BP";"defense response to symbiont";21100;23148;"Down"
"1846";"query_1";TRUE;0,000266560449203286;845;996;75;0,0753012048192771;0,0887573964497041;"GO:0032880";"GO:BP";"regulation of protein localization";21100;9082;"Down"
"1847";"query_1";TRUE;0,000270996381452681;119;187;10;0,053475935828877;0,0840336134453782;"GO:0042752";"GO:BP";"regulation of circadian rhythm";21100;11929;"Down"
"1848";"query_1";TRUE;0,000274745676081486;122;138;9;0,0652173913043478;0,0737704918032787;"GO:0042542";"GO:BP";"response to hydrogen peroxide";21100;11813;"Down"
"1849";"query_1";TRUE;0,00027697263827611;1442;1112;122;0,109712230215827;0,0846047156726768;"GO:0002682";"GO:BP";"regulation of immune system process";21100;1323;"Down"
"1850";"query_1";TRUE;0,00027871665104606;1507;1109;126;0,113615870153291;0,0836098208360982;"GO:0051707";"GO:BP";"response to other organism";21100;16056;"Down"
"1851";"query_1";TRUE;0,000295844101614245;47;176;7;0,0397727272727273;0,148936170212766;"GO:0030261";"GO:BP";"chromosome condensation";21100;7780;"Down"
"1852";"query_1";TRUE;0,000297532715250221;134;213;11;0,0516431924882629;0,082089552238806;"GO:0001889";"GO:BP";"liver development";21100;628;"Down"
"1853";"query_1";TRUE;0,000299970040655061;1509;1109;126;0,113615870153291;0,0834990059642147;"GO:0043207";"GO:BP";"response to external biotic stimulus";21100;12195;"Down"
"1854";"query_1";TRUE;0,000342883716706679;7540;371;181;0,487870619946092;0,0240053050397878;"GO:0090304";"GO:BP";"nucleic acid metabolic process";21100;21315;"Down"
"1855";"query_1";TRUE;0,000348961551815565;2425;1169;192;0,164242942686056;0,0791752577319588;"GO:0050793";"GO:BP";"regulation of developmental process";21100;15324;"Down"
"1856";"query_1";TRUE;0,000365059167536563;28;317;7;0,0220820189274448;0,25;"GO:0010971";"GO:BP";"positive regulation of G2/M transition of mitotic cell cycle";21100;5088;"Down"
"1857";"query_1";TRUE;0,000368817271074605;41;317;8;0,0252365930599369;0,195121951219512;"GO:0045841";"GO:BP";"negative regulation of mitotic metaphase/anaphase transition";21100;13557;"Down"
"1858";"query_1";TRUE;0,000373223860972839;137;213;11;0,0516431924882629;0,0802919708029197;"GO:0061008";"GO:BP";"hepaticobiliary system development";21100;17758;"Down"
"1859";"query_1";TRUE;0,000402227723114684;188;974;27;0,0277207392197125;0,143617021276596;"GO:0140013";"GO:BP";"meiotic nuclear division";21100;22947;"Down"
"1860";"query_1";TRUE;0,000408024541571954;1557;1212;138;0,113861386138614;0,0886319845857418;"GO:0009719";"GO:BP";"response to endogenous stimulus";21100;4067;"Down"
"1861";"query_1";TRUE;0,000416851624358743;653;1164;69;0,0592783505154639;0,105666156202144;"GO:0043009";"GO:BP";"chordate embryonic development";21100;12088;"Down"
"1862";"query_1";TRUE;0,000421619013061518;302;1100;39;0,0354545454545455;0,129139072847682;"GO:0031349";"GO:BP";"positive regulation of defense response";21100;8280;"Down"
"1863";"query_1";TRUE;0,000425029372733503;4160;1149;296;0,257615317667537;0,0711538461538462;"GO:0030154";"GO:BP";"cell differentiation";21100;7716;"Down"
"1864";"query_1";TRUE;0,000425052980788823;500;1194;58;0,0485762144053601;0,116;"GO:0019221";"GO:BP";"cytokine-mediated signaling pathway";21100;6473;"Down"
"1865";"query_1";TRUE;0,000472782543536009;162;600;19;0,0316666666666667;0,117283950617284;"GO:0006282";"GO:BP";"regulation of DNA repair";21100;2298;"Down"
"1866";"query_1";TRUE;0,000476234775132191;315;76;10;0,131578947368421;0,0317460317460317;"GO:0036293";"GO:BP";"response to decreased oxygen levels";21100;10995;"Down"
"1867";"query_1";TRUE;0,000486041862683651;65;372;10;0,0268817204301075;0,153846153846154;"GO:0031100";"GO:BP";"animal organ regeneration";21100;8148;"Down"
"1868";"query_1";TRUE;0,000486425424217873;14415;562;438;0,779359430604982;0,0303850156087409;"GO:0008152";"GO:BP";"metabolic process";21100;3531;"Down"
"1869";"query_1";TRUE;0,000489609495452129;529;1217;61;0,0501232539030403;0,11531190926276;"GO:0051493";"GO:BP";"regulation of cytoskeleton organization";21100;15886;"Down"
"1870";"query_1";TRUE;0,000500979989841776;81;1126;18;0,0159857904085258;0,222222222222222;"GO:0070828";"GO:BP";"heterochromatin organization";21100;19081;"Down"
"1871";"query_1";TRUE;0,000504693839651296;442;633;35;0,0552922590837283;0,0791855203619909;"GO:0009314";"GO:BP";"response to radiation";21100;3894;"Down"
"1872";"query_1";TRUE;0,000520655338869492;1242;998;99;0,0991983967935872;0,0797101449275362;"GO:0042325";"GO:BP";"regulation of phosphorylation";21100;11668;"Down"
"1873";"query_1";TRUE;0,000524912001600525;970;1144;91;0,0795454545454545;0,0938144329896907;"GO:0032269";"GO:BP";"negative regulation of cellular protein metabolic process";21100;8641;"Down"
"1874";"query_1";TRUE;0,000533862058075625;62;749;13;0,0173564753004005;0,209677419354839;"GO:0000381";"GO:BP";"regulation of alternative mRNA splicing, via spliceosome";21100;160;"Down"
"1875";"query_1";TRUE;0,00054531331539025;43;317;8;0,0252365930599369;0,186046511627907;"GO:2000816";"GO:BP";"negative regulation of mitotic sister chromatid separation";21100;30018;"Down"
"1876";"query_1";TRUE;0,00054531331539025;43;317;8;0,0252365930599369;0,186046511627907;"GO:0033048";"GO:BP";"negative regulation of mitotic sister chromatid segregation";21100;9210;"Down"
"1877";"query_1";TRUE;0,00054531331539025;43;317;8;0,0252365930599369;0,186046511627907;"GO:0033046";"GO:BP";"negative regulation of sister chromatid segregation";21100;9208;"Down"
"1878";"query_1";TRUE;0,000582494227938141;203;119;10;0,0840336134453782;0,0492610837438424;"GO:0031497";"GO:BP";"chromatin assembly";21100;8333;"Down"
"1879";"query_1";TRUE;0,000599473536034443;10;125;4;0,032;0,4;"GO:0009157";"GO:BP";"deoxyribonucleoside monophosphate biosynthetic process";21100;3756;"Down"
"1880";"query_1";TRUE;0,000630144514732684;48;834;12;0,0143884892086331;0,25;"GO:0045005";"GO:BP";"DNA-templated DNA replication maintenance of fidelity";21100;13064;"Down"
"1881";"query_1";TRUE;0,000656113011249435;52;1095;14;0,0127853881278539;0,269230769230769;"GO:0090329";"GO:BP";"regulation of DNA-templated DNA replication";21100;21340;"Down"
"1882";"query_1";TRUE;0,000675581897820137;267;974;33;0,0338809034907598;0,123595505617978;"GO:0051321";"GO:BP";"meiotic cell cycle";21100;15761;"Down"
"1883";"query_1";TRUE;0,000680210088975428;7354;1200;500;0,416666666666667;0,067990209409845;"GO:0032501";"GO:BP";"multicellular organismal process";21100;8803;"Down"
"1884";"query_1";TRUE;0,000698183810567607;40;354;8;0,0225988700564972;0,2;"GO:0031577";"GO:BP";"spindle checkpoint signaling";21100;8376;"Down"
"1885";"query_1";TRUE;0,000701874268122015;626;144;18;0,125;0,0287539936102236;"GO:0071417";"GO:BP";"cellular response to organonitrogen compound";21100;19446;"Down"
"1886";"query_1";TRUE;0,000721000019002638;579;994;56;0,0563380281690141;0,0967184801381693;"GO:0010942";"GO:BP";"positive regulation of cell death";21100;5063;"Down"
"1887";"query_1";TRUE;0,000726084602940516;301;504;24;0,0476190476190476;0,079734219269103;"GO:0034504";"GO:BP";"protein localization to nucleus";21100;9959;"Down"
"1888";"query_1";TRUE;0,000727272605177563;180;298;14;0,0469798657718121;0,0777777777777778;"GO:0042770";"GO:BP";"signal transduction in response to DNA damage";21100;11941;"Down"
"1889";"query_1";TRUE;0,000739731197643682;999;562;55;0,097864768683274;0,0550550550550551;"GO:0031401";"GO:BP";"positive regulation of protein modification process";21100;8299;"Down"
"1890";"query_1";TRUE;0,000739820913379802;1736;1109;139;0,125338142470694;0,0800691244239631;"GO:0006952";"GO:BP";"defense response";21100;2885;"Down"
"1891";"query_1";TRUE;0,000752354427615889;71;1049;16;0,0152526215443279;0,225352112676056;"GO:0032732";"GO:BP";"positive regulation of interleukin-1 production";21100;8977;"Down"
"1892";"query_1";TRUE;0,000758742393836055;294;1111;38;0,0342034203420342;0,129251700680272;"GO:0006338";"GO:BP";"chromatin remodeling";21100;2343;"Down"
"1893";"query_1";TRUE;0,000771673842661122;28;213;6;0,028169014084507;0,214285714285714;"GO:0097421";"GO:BP";"liver regeneration";21100;21834;"Down"
"1894";"query_1";TRUE;0,000779978428844285;31;317;7;0,0220820189274448;0,225806451612903;"GO:1902751";"GO:BP";"positive regulation of cell cycle G2/M phase transition";21100;25886;"Down"
"1895";"query_1";TRUE;0,000781651387607553;12;284;5;0,0176056338028169;0,416666666666667;"GO:0000727";"GO:BP";"double-strand break repair via break-induced replication";21100;262;"Down"
"1896";"query_1";TRUE;0,000802304525751794;50;394;9;0,0228426395939086;0,18;"GO:0051972";"GO:BP";"regulation of telomerase activity";21100;16233;"Down"
"1897";"query_1";TRUE;0,000858291454998703;79;408;11;0,0269607843137255;0,139240506329114;"GO:0000380";"GO:BP";"alternative mRNA splicing, via spliceosome";21100;159;"Down"
"1898";"query_1";TRUE;0,000872885618868356;193;1049;28;0,0266920877025739;0,145077720207254;"GO:1901654";"GO:BP";"response to ketone";21100;24930;"Down"
"1899";"query_1";TRUE;0,000893324907405417;140;138;9;0,0652173913043478;0,0642857142857143;"GO:0034614";"GO:BP";"cellular response to reactive oxygen species";21100;9982;"Down"
"1900";"query_1";TRUE;0,00089462249438639;267;662;26;0,0392749244712991;0,0973782771535581;"GO:0031330";"GO:BP";"negative regulation of cellular catabolic process";21100;8262;"Down"
"1901";"query_1";TRUE;0,000936116276572163;339;76;10;0,131578947368421;0,0294985250737463;"GO:0070482";"GO:BP";"response to oxygen levels";21100;18886;"Down"
"1902";"query_1";TRUE;0,000942124950969717;156;1158;26;0,0224525043177893;0,166666666666667;"GO:0045089";"GO:BP";"positive regulation of innate immune response";21100;13119;"Down"
"1903";"query_1";TRUE;0,000969857353651032;449;1102;50;0,0453720508166969;0,111358574610245;"GO:0034248";"GO:BP";"regulation of cellular amide metabolic process";21100;9795;"Down"
"1904";"query_1";TRUE;0,00100662016005916;1550;1104;126;0,114130434782609;0,0812903225806452;"GO:0045595";"GO:BP";"regulation of cell differentiation";21100;13327;"Down"
"1905";"query_1";TRUE;0,00103046894488623;2788;1112;204;0,183453237410072;0,0731707317073171;"GO:0009605";"GO:BP";"response to external stimulus";21100;3977;"Down"
"1906";"query_1";TRUE;0,00103768266004733;383;291;20;0,0687285223367698;0,0522193211488251;"GO:0071900";"GO:BP";"regulation of protein serine/threonine kinase activity";21100;19798;"Down"
"1907";"query_1";TRUE;0,00103947475737882;188;1022;27;0,0264187866927593;0,143617021276596;"GO:0018394";"GO:BP";"peptidyl-lysine acetylation";21100;6244;"Down"
"1908";"query_1";TRUE;0,00105500772654978;75;1148;17;0,014808362369338;0,226666666666667;"GO:0071479";"GO:BP";"cellular response to ionizing radiation";21100;19500;"Down"
"1909";"query_1";TRUE;0,0010865789652127;127;509;15;0,0294695481335953;0,118110236220472;"GO:0031570";"GO:BP";"DNA integrity checkpoint signaling";21100;8373;"Down"
"1910";"query_1";TRUE;0,00114198914606154;167;440;16;0,0363636363636364;0,0958083832335329;"GO:0051170";"GO:BP";"import into nucleus";21100;15639;"Down"
"1911";"query_1";TRUE;0,00115208035355284;16;1097;8;0,0072926162260711;0,5;"GO:0072567";"GO:BP";"chemokine (C-X-C motif) ligand 2 production";21100;20335;"Down"
"1912";"query_1";TRUE;0,00115208035355284;16;1097;8;0,0072926162260711;0,5;"GO:2000341";"GO:BP";"regulation of chemokine (C-X-C motif) ligand 2 production";21100;29563;"Down"
"1913";"query_1";TRUE;0,00120103709950697;453;1100;50;0,0454545454545455;0,11037527593819;"GO:0032103";"GO:BP";"positive regulation of response to external stimulus";21100;8541;"Down"
"1914";"query_1";TRUE;0,00122902037765649;938;1137;87;0,0765171503957784;0,0927505330490405;"GO:0048534";"GO:BP";"hematopoietic or lymphoid organ development";21100;14854;"Down"
"1915";"query_1";TRUE;0,00123234935080518;364;1100;43;0,0390909090909091;0,118131868131868;"GO:0002831";"GO:BP";"regulation of response to biotic stimulus";21100;1465;"Down"
"1916";"query_1";TRUE;0,00123795132163117;243;165;12;0,0727272727272727;0,0493827160493827;"GO:0071216";"GO:BP";"cellular response to biotic stimulus";21100;19251;"Down"
"1917";"query_1";TRUE;0,00127982525506756;205;885;26;0,0293785310734463;0,126829268292683;"GO:0000082";"GO:BP";"G1/S transition of mitotic cell cycle";21100;41;"Down"
"1918";"query_1";TRUE;0,00131107577159611;1100;199;29;0,14572864321608;0,0263636363636364;"GO:1901698";"GO:BP";"response to nitrogen compound";21100;24964;"Down"
"1919";"query_1";TRUE;0,00132944271705231;48;317;8;0,0252365930599369;0,166666666666667;"GO:0033047";"GO:BP";"regulation of mitotic sister chromatid segregation";21100;9209;"Down"
"1920";"query_1";TRUE;0,00139524120885244;24;279;6;0,021505376344086;0,25;"GO:0051383";"GO:BP";"kinetochore organization";21100;15811;"Down"
"1921";"query_1";TRUE;0,00143223605755181;936;1109;85;0,0766456266907124;0,0908119658119658;"GO:0002684";"GO:BP";"positive regulation of immune system process";21100;1325;"Down"
"1922";"query_1";TRUE;0,00143708348643141;518;994;51;0,051307847082495;0,0984555984555985;"GO:0043068";"GO:BP";"positive regulation of programmed cell death";21100;12125;"Down"
"1923";"query_1";TRUE;0,00143744751327167;246;551;22;0,0399274047186933;0,0894308943089431;"GO:1903320";"GO:BP";"regulation of protein modification by small protein conjugation or removal";21100;26387;"Down"
"1924";"query_1";TRUE;0,00147075572511287;192;1215;30;0,0246913580246914;0,15625;"GO:0032872";"GO:BP";"regulation of stress-activated MAPK cascade";21100;9074;"Down"
"1925";"query_1";TRUE;0,00148906588095516;290;794;30;0,0377833753148615;0,103448275862069;"GO:0048872";"GO:BP";"homeostasis of number of cells";21100;15161;"Down"
"1926";"query_1";TRUE;0,00156826329957754;49;317;8;0,0252365930599369;0,163265306122449;"GO:0045839";"GO:BP";"negative regulation of mitotic nuclear division";21100;13555;"Down"
"1927";"query_1";TRUE;0,00157476230389989;959;91;17;0,186813186813187;0,0177267987486966;"GO:0040007";"GO:BP";"growth";21100;11454;"Down"
"1928";"query_1";TRUE;0,00167819618479889;408;1202;49;0,040765391014975;0,120098039215686;"GO:0009410";"GO:BP";"response to xenobiotic stimulus";21100;3915;"Down"
"1929";"query_1";TRUE;0,00168070442006493;941;371;39;0,105121293800539;0,0414452709883103;"GO:0000122";"GO:BP";"negative regulation of transcription by RNA polymerase II";21100;64;"Down"
"1930";"query_1";TRUE;0,00168539689925461;103;405;12;0,0296296296296296;0,116504854368932;"GO:2001252";"GO:BP";"positive regulation of chromosome organization";21100;30416;"Down"
"1931";"query_1";TRUE;0,00182871301282486;207;165;11;0,0666666666666667;0,0531400966183575;"GO:0071222";"GO:BP";"cellular response to lipopolysaccharide";21100;19257;"Down"
"1932";"query_1";TRUE;0,00187047885354675;442;1212;52;0,0429042904290429;0,117647058823529;"GO:0045785";"GO:BP";"positive regulation of cell adhesion";21100;13511;"Down"
"1933";"query_1";TRUE;0,00202098697681926;4;125;3;0,024;0,75;"GO:0006231";"GO:BP";"dTMP biosynthetic process";21100;2250;"Down"
"1934";"query_1";TRUE;0,00202098697681926;4;125;3;0,024;0,75;"GO:0009177";"GO:BP";"pyrimidine deoxyribonucleoside monophosphate biosynthetic process";21100;3775;"Down"
"1935";"query_1";TRUE;0,00206044911394552;195;1215;30;0,0246913580246914;0,153846153846154;"GO:0070302";"GO:BP";"regulation of stress-activated protein kinase signaling cascade";21100;18782;"Down"
"1936";"query_1";TRUE;0,00217583109879841;732;916;61;0,0665938864628821;0,0833333333333333;"GO:0001816";"GO:BP";"cytokine production";21100;585;"Down"
"1937";"query_1";TRUE;0,002184560960564;141;550;16;0,0290909090909091;0,113475177304965;"GO:2001022";"GO:BP";"positive regulation of response to DNA damage stimulus";21100;30222;"Down"
"1938";"query_1";TRUE;0,00226027012870156;269;286;16;0,0559440559440559;0,0594795539033457;"GO:0071824";"GO:BP";"protein-DNA complex subunit organization";21100;19744;"Down"
"1939";"query_1";TRUE;0,00232670418196277;39;291;7;0,0240549828178694;0,179487179487179;"GO:0007094";"GO:BP";"mitotic spindle assembly checkpoint signaling";21100;3003;"Down"
"1940";"query_1";TRUE;0,00232670418196277;39;291;7;0,0240549828178694;0,179487179487179;"GO:0071173";"GO:BP";"spindle assembly checkpoint signaling";21100;19242;"Down"
"1941";"query_1";TRUE;0,00232670418196277;39;291;7;0,0240549828178694;0,179487179487179;"GO:0071174";"GO:BP";"mitotic spindle checkpoint signaling";21100;19243;"Down"
"1942";"query_1";TRUE;0,00239610971502736;93;382;11;0,0287958115183246;0,118279569892473;"GO:0032204";"GO:BP";"regulation of telomere maintenance";21100;8581;"Down"
"1943";"query_1";TRUE;0,00242387792407122;82;744;14;0,0188172043010753;0,170731707317073;"GO:0072527";"GO:BP";"pyrimidine-containing compound metabolic process";21100;20319;"Down"
"1944";"query_1";TRUE;0,00247533539190562;683;144;18;0,125;0,0263543191800878;"GO:1901699";"GO:BP";"cellular response to nitrogen compound";21100;24965;"Down"
"1945";"query_1";TRUE;0,00252451727073966;44;1047;12;0,0114613180515759;0,272727272727273;"GO:0009124";"GO:BP";"nucleoside monophosphate biosynthetic process";21100;3723;"Down"
"1946";"query_1";TRUE;0,00254567833273462;368;1118;43;0,0384615384615385;0,116847826086957;"GO:0045862";"GO:BP";"positive regulation of proteolysis";21100;13576;"Down"
"1947";"query_1";TRUE;0,00269353371253714;18;94;4;0,0425531914893617;0,222222222222222;"GO:0006740";"GO:BP";"NADPH regeneration";21100;2705;"Down"
"1948";"query_1";TRUE;0,00276630371235571;364;720;32;0,0444444444444444;0,0879120879120879;"GO:0009150";"GO:BP";"purine ribonucleotide metabolic process";21100;3749;"Down"
"1949";"query_1";TRUE;0,00278118812155071;216;165;11;0,0666666666666667;0,0509259259259259;"GO:0071219";"GO:BP";"cellular response to molecule of bacterial origin";21100;19254;"Down"
"1950";"query_1";TRUE;0,00282967021500186;207;974;27;0,0277207392197125;0,130434782608696;"GO:1903046";"GO:BP";"meiotic cell cycle process";21100;26159;"Down"
"1951";"query_1";TRUE;0,0031142430419083;983;1126;88;0,0781527531083481;0,0895218718209563;"GO:0060548";"GO:BP";"negative regulation of cell death";21100;17313;"Down"
"1952";"query_1";TRUE;0,00314583826487446;2725;1215;213;0,175308641975309;0,0781651376146789;"GO:0032879";"GO:BP";"regulation of localization";21100;9081;"Down"
"1953";"query_1";TRUE;0,00320162819995529;83;443;11;0,0248306997742664;0,132530120481928;"GO:1902750";"GO:BP";"negative regulation of cell cycle G2/M phase transition";21100;25885;"Down"
"1954";"query_1";TRUE;0,00329918801005199;40;435;8;0,0183908045977011;0,2;"GO:0045740";"GO:BP";"positive regulation of DNA replication";21100;13466;"Down"
"1955";"query_1";TRUE;0,00335805008007645;328;70;9;0,128571428571429;0,0274390243902439;"GO:0015980";"GO:BP";"energy derivation by oxidation of organic compounds";21100;5622;"Down"
"1956";"query_1";TRUE;0,00344076499974545;302;76;9;0,118421052631579;0,0298013245033113;"GO:0001666";"GO:BP";"response to hypoxia";21100;488;"Down"
"1957";"query_1";TRUE;0,00344400105850167;186;537;18;0,0335195530726257;0,0967741935483871;"GO:0051302";"GO:BP";"regulation of cell division";21100;15745;"Down"
"1958";"query_1";TRUE;0,00344613932780789;505;1110;53;0,0477477477477477;0,104950495049505;"GO:0043065";"GO:BP";"positive regulation of apoptotic process";21100;12122;"Down"
"1959";"query_1";TRUE;0,00350188649775401;849;929;68;0,0731969860064586;0,0800942285041225;"GO:0016567";"GO:BP";"protein ubiquitination";21100;5844;"Down"
"1960";"query_1";TRUE;0,00350831486752313;112;1008;19;0,0188492063492063;0,169642857142857;"GO:0009185";"GO:BP";"ribonucleoside diphosphate metabolic process";21100;3783;"Down"
"1961";"query_1";TRUE;0,00350900201622422;726;916;60;0,0655021834061135;0,0826446280991736;"GO:0001817";"GO:BP";"regulation of cytokine production";21100;586;"Down"
"1962";"query_1";TRUE;0,00355956315323383;226;738;24;0,032520325203252;0,106194690265487;"GO:0015931";"GO:BP";"nucleobase-containing compound transport";21100;5578;"Down"
"1963";"query_1";TRUE;0,00356390779879262;391;849;37;0,0435806831566549;0,0946291560102302;"GO:0006163";"GO:BP";"purine nucleotide metabolic process";21100;2183;"Down"
"1964";"query_1";TRUE;0,00368492188276074;77;1083;16;0,0147737765466297;0,207792207792208;"GO:0002218";"GO:BP";"activation of innate immune response";21100;876;"Down"
"1965";"query_1";TRUE;0,00373717103499719;907;1100;81;0,0736363636363636;0,0893054024255788;"GO:0045087";"GO:BP";"innate immune response";21100;13117;"Down"
"1966";"query_1";TRUE;0,00380810420859087;15;125;4;0,032;0,266666666666667;"GO:0046385";"GO:BP";"deoxyribose phosphate biosynthetic process";21100;14082;"Down"
"1967";"query_1";TRUE;0,00380810420859087;15;125;4;0,032;0,266666666666667;"GO:0009265";"GO:BP";"2'-deoxyribonucleotide biosynthetic process";21100;3862;"Down"
"1968";"query_1";TRUE;0,00380810420859087;15;125;4;0,032;0,266666666666667;"GO:0009263";"GO:BP";"deoxyribonucleotide biosynthetic process";21100;3860;"Down"
"1969";"query_1";TRUE;0,00382310795618262;49;357;8;0,0224089635854342;0,163265306122449;"GO:0048146";"GO:BP";"positive regulation of fibroblast proliferation";21100;14575;"Down"
"1970";"query_1";TRUE;0,00383726364331632;86;138;7;0,0507246376811594;0,0813953488372093;"GO:0070301";"GO:BP";"cellular response to hydrogen peroxide";21100;18781;"Down"
"1971";"query_1";TRUE;0,00388034140487733;1180;403;47;0,116625310173697;0,0398305084745763;"GO:0060429";"GO:BP";"epithelium development";21100;17195;"Down"
"1972";"query_1";TRUE;0,00395152254338332;49;1158;13;0,0112262521588946;0,26530612244898;"GO:0002474";"GO:BP";"antigen processing and presentation of peptide antigen via MHC class I";21100;1120;"Down"
"1973";"query_1";TRUE;0,00413387720438118;228;1185;32;0,0270042194092827;0,140350877192982;"GO:2000116";"GO:BP";"regulation of cysteine-type endopeptidase activity";21100;29340;"Down"
"1974";"query_1";TRUE;0,00415178763692152;393;1102;44;0,0399274047186933;0,111959287531807;"GO:0006417";"GO:BP";"regulation of translation";21100;2406;"Down"
"1975";"query_1";TRUE;0,00434651465333143;163;440;15;0,0340909090909091;0,0920245398773006;"GO:0006606";"GO:BP";"protein import into nucleus";21100;2578;"Down"
"1976";"query_1";TRUE;0,00450905153940888;56;317;8;0,0252365930599369;0,142857142857143;"GO:0051784";"GO:BP";"negative regulation of nuclear division";21100;16091;"Down"
"1977";"query_1";TRUE;0,00453733382245852;106;689;15;0,0217706821480406;0,141509433962264;"GO:0061640";"GO:BP";"cytoskeleton-dependent cytokinesis";21100;18299;"Down"
"1978";"query_1";TRUE;0,00459248380072741;44;12;3;0,25;0,0681818181818182;"GO:0016572";"GO:BP";"histone phosphorylation";21100;5848;"Down"
"1979";"query_1";TRUE;0,00468030279426123;740;1183;73;0,0617075232459848;0,0986486486486487;"GO:0030155";"GO:BP";"regulation of cell adhesion";21100;7717;"Down"
"1980";"query_1";TRUE;0,00500998745012999;9;62;3;0,0483870967741935;0,333333333333333;"GO:0090306";"GO:BP";"meiotic spindle assembly";21100;21317;"Down"
"1981";"query_1";TRUE;0,00503963577614019;569;1212;61;0,0503300330033003;0,107205623901582;"GO:0071407";"GO:BP";"cellular response to organic cyclic compound";21100;19436;"Down"
"1982";"query_1";TRUE;0,00507277297108158;235;435;18;0,0413793103448276;0,0765957446808511;"GO:0044843";"GO:BP";"cell cycle G1/S phase transition";21100;13028;"Down"
"1983";"query_1";TRUE;0,00516242309909677;76;235;8;0,0340425531914894;0,105263157894737;"GO:0030330";"GO:BP";"DNA damage response, signal transduction by p53 class mediator";21100;7812;"Down"
"1984";"query_1";TRUE;0,00525137014608682;44;44;4;0,0909090909090909;0,0909090909090909;"GO:0009262";"GO:BP";"deoxyribonucleotide metabolic process";21100;3859;"Down"
"1985";"query_1";TRUE;0,00559466953130492;483;1118;51;0,0456171735241503;0,105590062111801;"GO:2000112";"GO:BP";"regulation of cellular macromolecule biosynthetic process";21100;29336;"Down"
"1986";"query_1";TRUE;0,00569267596620638;264;1137;34;0,0299032541776605;0,128787878787879;"GO:0030522";"GO:BP";"intracellular receptor signaling pathway";21100;7891;"Down"
"1987";"query_1";TRUE;0,00572853265079373;19;744;7;0,00940860215053763;0,368421052631579;"GO:0045091";"GO:BP";"regulation of single stranded viral RNA replication via double stranded DNA intermediate";21100;13120;"Down"
"1988";"query_1";TRUE;0,00575496466290055;45;44;4;0,0909090909090909;0,0888888888888889;"GO:0019692";"GO:BP";"deoxyribose phosphate metabolic process";21100;6912;"Down"
"1989";"query_1";TRUE;0,0059222024544628;233;399;17;0,0426065162907268;0,0729613733905579;"GO:0065004";"GO:BP";"protein-DNA complex assembly";21100;18610;"Down"
"1990";"query_1";TRUE;0,00599050120967909;104;234;9;0,0384615384615385;0,0865384615384615;"GO:1901796";"GO:BP";"regulation of signal transduction by p53 class mediator";21100;25060;"Down"
"1991";"query_1";TRUE;0,00610014607892314;664;1185;67;0,0565400843881857;0,100903614457831;"GO:0043408";"GO:BP";"regulation of MAPK cascade";21100;12298;"Down"
"1992";"query_1";TRUE;0,00618777207677607;80;102;6;0,0588235294117647;0,075;"GO:0048145";"GO:BP";"regulation of fibroblast proliferation";21100;14574;"Down"
"1993";"query_1";TRUE;0,00635394397401727;113;418;12;0,0287081339712919;0,106194690265487;"GO:0000079";"GO:BP";"regulation of cyclin-dependent protein serine/threonine kinase activity";21100;39;"Down"
"1994";"query_1";TRUE;0,00635563670560804;40;834;10;0,0119904076738609;0,25;"GO:0031297";"GO:BP";"replication fork processing";21100;8250;"Down"
"1995";"query_1";TRUE;0,00637483787620972;1587;1205;134;0,111203319502075;0,0844360428481411;"GO:0006468";"GO:BP";"protein phosphorylation";21100;2446;"Down"
"1996";"query_1";TRUE;0,00652260069193485;501;112;13;0,116071428571429;0,0259481037924152;"GO:0006091";"GO:BP";"generation of precursor metabolites and energy";21100;2122;"Down"
"1997";"query_1";TRUE;0,00685980083546964;219;1022;28;0,0273972602739726;0,127853881278539;"GO:0006473";"GO:BP";"protein acetylation";21100;2450;"Down"
"1998";"query_1";TRUE;0,00699178140896357;1268;1169;109;0,0932420872540633;0,0859621451104101;"GO:0051094";"GO:BP";"positive regulation of developmental process";21100;15571;"Down"
"1999";"query_1";TRUE;0,00715441759784427;82;102;6;0,0588235294117647;0,0731707317073171;"GO:0048144";"GO:BP";"fibroblast proliferation";21100;14573;"Down"
"2000";"query_1";TRUE;0,00747020913521993;88;455;11;0,0241758241758242;0,125;"GO:0044774";"GO:BP";"mitotic DNA integrity checkpoint signaling";21100;12982;"Down"
"2001";"query_1";TRUE;0,00752781142494378;470;500;29;0,058;0,0617021276595745;"GO:0016055";"GO:BP";"Wnt signaling pathway";21100;5655;"Down"
"2002";"query_1";TRUE;0,00772360493781742;268;50;7;0,14;0,0261194029850746;"GO:0051146";"GO:BP";"striated muscle cell differentiation";21100;15615;"Down"
"2003";"query_1";TRUE;0,00788742179151212;25;198;5;0,0252525252525253;0,2;"GO:1905820";"GO:BP";"positive regulation of chromosome separation";21100;28672;"Down"
"2004";"query_1";TRUE;0,0079276706832557;202;1185;29;0,0244725738396624;0,143564356435644;"GO:0043281";"GO:BP";"regulation of cysteine-type endopeptidase activity involved in apoptotic process";21100;12221;"Down"
"2005";"query_1";TRUE;0,00817986259981813;472;500;29;0,058;0,0614406779661017;"GO:0198738";"GO:BP";"cell-cell signaling by wnt";21100;23351;"Down"
"2006";"query_1";TRUE;0,00829070060102066;91;537;12;0,0223463687150838;0,131868131868132;"GO:0032465";"GO:BP";"regulation of cytokinesis";21100;8772;"Down"
"2007";"query_1";TRUE;0,00838414825441412;116;418;12;0,0287081339712919;0,103448275862069;"GO:1904029";"GO:BP";"regulation of cyclin-dependent protein kinase activity";21100;27027;"Down"
"2008";"query_1";TRUE;0,00852218362372339;154;1155;24;0,0207792207792208;0,155844155844156;"GO:0044409";"GO:BP";"entry into host";21100;12776;"Down"
"2009";"query_1";TRUE;0,00854521769866271;20;744;7;0,00940860215053763;0,35;"GO:0039692";"GO:BP";"single stranded viral RNA replication via double stranded DNA intermediate";21100;11425;"Down"
"2010";"query_1";TRUE;0,00879136037384202;73;681;12;0,0176211453744493;0,164383561643836;"GO:0031507";"GO:BP";"heterochromatin assembly";21100;8339;"Down"
"2011";"query_1";TRUE;0,0089402592575444;1243;1103;102;0,0924750679963735;0,082059533386967;"GO:0009968";"GO:BP";"negative regulation of signal transduction";21100;4268;"Down"
"2012";"query_1";TRUE;0,00944528994933251;899;1137;81;0,0712401055408971;0,0901001112347052;"GO:0030097";"GO:BP";"hemopoiesis";21100;7700;"Down"
"2013";"query_1";TRUE;0,00959381164765825;221;1212;31;0,0255775577557756;0,14027149321267;"GO:0050870";"GO:BP";"positive regulation of T cell activation";21100;15389;"Down"
"2014";"query_1";TRUE;0,00967410654882908;73;1089;15;0,0137741046831956;0,205479452054795;"GO:0033143";"GO:BP";"regulation of intracellular steroid hormone receptor signaling pathway";21100;9270;"Down"
"2015";"query_1";TRUE;0,00989431650015667;85;392;10;0,0255102040816327;0,117647058823529;"GO:0002312";"GO:BP";"B cell activation involved in immune response";21100;967;"Down"
"2016";"query_1";TRUE;0,00990103837919372;19;808;7;0,00866336633663366;0,368421052631579;"GO:0007076";"GO:BP";"mitotic chromosome condensation";21100;2987;"Down"
"2017";"query_1";TRUE;0,00995007223397048;940;1212;88;0,0726072607260726;0,0936170212765957;"GO:0019752";"GO:BP";"carboxylic acid metabolic process";21100;6954;"Down"
"2018";"query_1";TRUE;0,00999491676384209;46;1137;12;0,0105540897097625;0,260869565217391;"GO:0030521";"GO:BP";"androgen receptor signaling pathway";21100;7890;"Down"
"2019";"query_1";TRUE;0,010165678483402;131;1008;20;0,0198412698412698;0,152671755725191;"GO:0009132";"GO:BP";"nucleoside diphosphate metabolic process";21100;3731;"Down"
"2020";"query_1";TRUE;0,0102751818321041;523;1112;53;0,0476618705035971;0,101338432122371;"GO:0070201";"GO:BP";"regulation of establishment of protein localization";21100;18713;"Down"
"2021";"query_1";TRUE;0,0105192698097329;81;415;10;0,0240963855421687;0,123456790123457;"GO:0010972";"GO:BP";"negative regulation of G2/M transition of mitotic cell cycle";21100;5089;"Down"
"2022";"query_1";TRUE;0,0105322280474478;154;1088;23;0,0211397058823529;0,149350649350649;"GO:0040029";"GO:BP";"regulation of gene expression, epigenetic";21100;11475;"Down"
"2023";"query_1";TRUE;0,010600064021362;7;10;2;0,2;0,285714285714286;"GO:0009221";"GO:BP";"pyrimidine deoxyribonucleotide biosynthetic process";21100;3819;"Down"
"2024";"query_1";TRUE;0,010600064021362;7;10;2;0,2;0,285714285714286;"GO:0046073";"GO:BP";"dTMP metabolic process";21100;13773;"Down"
"2025";"query_1";TRUE;0,010717333608566;314;413;20;0,0484261501210654;0,0636942675159236;"GO:0009416";"GO:BP";"response to light stimulus";21100;3921;"Down"
"2026";"query_1";TRUE;0,0108645872168865;869;91;15;0,164835164835165;0,0172612197928654;"GO:0043066";"GO:BP";"negative regulation of apoptotic process";21100;12123;"Down"
"2027";"query_1";TRUE;0,0110777810968368;15;1095;7;0,00639269406392694;0,466666666666667;"GO:0006271";"GO:BP";"DNA strand elongation involved in DNA replication";21100;2287;"Down"
"2028";"query_1";TRUE;0,0112184601323749;471;1208;52;0,043046357615894;0,110403397027601;"GO:0022411";"GO:BP";"cellular component disassembly";21100;7586;"Down"
"2029";"query_1";TRUE;0,0115734332828632;3768;1217;277;0,227608874281019;0,0735138004246284;"GO:0065008";"GO:BP";"regulation of biological quality";21100;18613;"Down"
"2030";"query_1";TRUE;0,0117019116824495;225;435;17;0,0390804597701149;0,0755555555555556;"GO:0071902";"GO:BP";"positive regulation of protein serine/threonine kinase activity";21100;19800;"Down"
"2031";"query_1";TRUE;0,0118808347468037;7;110;3;0,0272727272727273;0,428571428571429;"GO:0032075";"GO:BP";"positive regulation of nuclease activity";21100;8516;"Down"
"2032";"query_1";TRUE;0,011958113435124;268;954;30;0,0314465408805031;0,111940298507463;"GO:0000209";"GO:BP";"protein polyubiquitination";21100;100;"Down"
"2033";"query_1";TRUE;0,0120300598929034;140;1212;23;0,018976897689769;0,164285714285714;"GO:2000045";"GO:BP";"regulation of G1/S transition of mitotic cell cycle";21100;29270;"Down"
"2034";"query_1";TRUE;0,0124787183191014;59;1048;13;0,0124045801526718;0,220338983050847;"GO:0043903";"GO:BP";"regulation of biological process involved in symbiotic interaction";21100;12502;"Down"
"2035";"query_1";TRUE;0,0125518815981336;1316;1089;105;0,0964187327823691;0,0797872340425532;"GO:0071495";"GO:BP";"cellular response to endogenous stimulus";21100;19516;"Down"
"2036";"query_1";TRUE;0,0125573701444465;413;987;41;0,0415400202634245;0,099273607748184;"GO:0072521";"GO:BP";"purine-containing compound metabolic process";21100;20313;"Down"
"2037";"query_1";TRUE;0,0125589812304028;83;111;6;0,0540540540540541;0,072289156626506;"GO:0097194";"GO:BP";"execution phase of apoptosis";21100;21698;"Down"
"2038";"query_1";TRUE;0,0125699342395777;96;439;11;0,0250569476082005;0,114583333333333;"GO:0044728";"GO:BP";"DNA methylation or demethylation";21100;12956;"Down"
"2039";"query_1";TRUE;0,0128193666169041;66;1083;14;0,012927054478301;0,212121212121212;"GO:0006303";"GO:BP";"double-strand break repair via nonhomologous end joining";21100;2318;"Down"
"2040";"query_1";TRUE;0,0128995610662281;153;1109;23;0,0207394048692516;0,150326797385621;"GO:0070555";"GO:BP";"response to interleukin-1";21100;18925;"Down"
"2041";"query_1";TRUE;0,0132275643794534;14;767;6;0,00782268578878748;0,428571428571429;"GO:0007100";"GO:BP";"mitotic centrosome separation";21100;3009;"Down"
"2042";"query_1";TRUE;0,013364150430235;887;1126;79;0,0701598579040853;0,0890642615558061;"GO:0043069";"GO:BP";"negative regulation of programmed cell death";21100;12126;"Down"
"2043";"query_1";TRUE;0,013758055665696;169;352;13;0,0369318181818182;0,0769230769230769;"GO:0043409";"GO:BP";"negative regulation of MAPK cascade";21100;12299;"Down"
"2044";"query_1";TRUE;0,0140157523981424;731;1213;72;0,0593569661995054;0,0984952120383037;"GO:0001944";"GO:BP";"vasculature development";21100;671;"Down"
"2045";"query_1";TRUE;0,0140261241863198;839;1212;80;0,066006600660066;0,0953516090584029;"GO:0009725";"GO:BP";"response to hormone";21100;4073;"Down"
"2046";"query_1";TRUE;0,0140741552384134;1031;720;63;0,0875;0,061105722599418;"GO:1901135";"GO:BP";"carbohydrate derivative metabolic process";21100;24457;"Down"
"2047";"query_1";TRUE;0,0140895429812446;5;176;3;0,0170454545454545;0,6;"GO:1905821";"GO:BP";"positive regulation of chromosome condensation";21100;28673;"Down"
"2048";"query_1";TRUE;0,0141208573875732;409;562;28;0,0498220640569395;0,0684596577017115;"GO:0045860";"GO:BP";"positive regulation of protein kinase activity";21100;13574;"Down"
"2049";"query_1";TRUE;0,0142073110277911;163;485;15;0,0309278350515464;0,0920245398773006;"GO:0016571";"GO:BP";"histone methylation";21100;5847;"Down"
"2050";"query_1";TRUE;0,0144548782706861;245;589;21;0,0356536502546689;0,0857142857142857;"GO:0045088";"GO:BP";"regulation of innate immune response";21100;13118;"Down"
"2051";"query_1";TRUE;0,0146731470168638;84;415;10;0,0240963855421687;0,119047619047619;"GO:0044773";"GO:BP";"mitotic DNA damage checkpoint signaling";21100;12981;"Down"
"2052";"query_1";TRUE;0,0147711809995035;903;1109;79;0,0712353471596033;0,0874861572535991;"GO:0050776";"GO:BP";"regulation of immune response";21100;15313;"Down"
"2053";"query_1";TRUE;0,0151114156141066;117;439;12;0,0273348519362187;0,102564102564103;"GO:0006304";"GO:BP";"DNA modification";21100;2319;"Down"
"2054";"query_1";TRUE;0,0152728635337481;1167;1102;96;0,0871143375680581;0,0822622107969152;"GO:0098542";"GO:BP";"defense response to other organism";21100;21990;"Down"
"2055";"query_1";TRUE;0,0153700456918073;60;1049;13;0,0123927550047664;0,216666666666667;"GO:0032731";"GO:BP";"positive regulation of interleukin-1 beta production";21100;8976;"Down"
"2056";"query_1";TRUE;0,0155370518537892;46;55;4;0,0727272727272727;0,0869565217391304;"GO:1902895";"GO:BP";"positive regulation of miRNA transcription";21100;26018;"Down"
"2057";"query_1";TRUE;0,0165510027718162;966;1212;89;0,0734323432343234;0,0921325051759834;"GO:0043436";"GO:BP";"oxoacid metabolic process";21100;12315;"Down"
"2058";"query_1";TRUE;0,0167676395402382;79;1047;15;0,0143266475644699;0,189873417721519;"GO:0009123";"GO:BP";"nucleoside monophosphate metabolic process";21100;3722;"Down"
"2059";"query_1";TRUE;0,0167762400780555;253;720;24;0,0333333333333333;0,0948616600790514;"GO:0009165";"GO:BP";"nucleotide biosynthetic process";21100;3763;"Down"
"2060";"query_1";TRUE;0,017076394720968;137;996;20;0,0200803212851406;0,145985401459854;"GO:1900180";"GO:BP";"regulation of protein localization to nucleus";21100;23524;"Down"
"2061";"query_1";TRUE;0,0171578220175929;45;1016;11;0,0108267716535433;0,244444444444444;"GO:0046596";"GO:BP";"regulation of viral entry into host cell";21100;14223;"Down"
"2062";"query_1";TRUE;0,0172770993933689;52;1048;12;0,0114503816793893;0,230769230769231;"GO:0052372";"GO:BP";"modulation by symbiont of entry into host";21100;16523;"Down"
"2063";"query_1";TRUE;0,01749526635407;82;119;6;0,0504201680672269;0,0731707317073171;"GO:0045814";"GO:BP";"negative regulation of gene expression, epigenetic";21100;13532;"Down"
"2064";"query_1";TRUE;0,0177545294414974;1094;1118;92;0,0822898032200358;0,0840950639853748;"GO:0001775";"GO:BP";"cell activation";21100;552;"Down"
"2065";"query_1";TRUE;0,0185946012339571;173;653;18;0,0275650842266462;0,104046242774566;"GO:0002221";"GO:BP";"pattern recognition receptor signaling pathway";21100;878;"Down"
"2066";"query_1";TRUE;0,0188829756011451;34;3;2;0,666666666666667;0,0588235294117647;"GO:0061418";"GO:BP";"regulation of transcription from RNA polymerase II promoter in response to hypoxia";21100;18146;"Down"
"2067";"query_1";TRUE;0,0188966963499872;185;1212;27;0,0222772277227723;0,145945945945946;"GO:0045619";"GO:BP";"regulation of lymphocyte differentiation";21100;13351;"Down"
"2068";"query_1";TRUE;0,0193050449026238;194;1155;27;0,0233766233766234;0,139175257731959;"GO:0051701";"GO:BP";"biological process involved in interaction with host";21100;16051;"Down"
"2069";"query_1";TRUE;0,0194324613399849;110;1049;18;0,0171591992373689;0,163636363636364;"GO:0032612";"GO:BP";"interleukin-1 production";21100;8857;"Down"
"2070";"query_1";TRUE;0,0194324613399849;110;1049;18;0,0171591992373689;0,163636363636364;"GO:0032652";"GO:BP";"regulation of interleukin-1 production";21100;8897;"Down"
"2071";"query_1";TRUE;0,01962835629528;504;1212;54;0,0445544554455446;0,107142857142857;"GO:0042110";"GO:BP";"T cell activation";21100;11538;"Down"
"2072";"query_1";TRUE;0,0196560730573215;435;1125;46;0,0408888888888889;0,105747126436782;"GO:0051090";"GO:BP";"regulation of DNA-binding transcription factor activity";21100;15567;"Down"
"2073";"query_1";TRUE;0,0203920147240355;440;1148;47;0,0409407665505226;0,106818181818182;"GO:0052547";"GO:BP";"regulation of peptidase activity";21100;16659;"Down"
"2074";"query_1";TRUE;0,0205009039956454;256;720;24;0,0333333333333333;0,09375;"GO:1901293";"GO:BP";"nucleoside phosphate biosynthetic process";21100;24602;"Down"
"2075";"query_1";TRUE;0,0205619199697592;1054;1213;95;0,078318219291014;0,0901328273244782;"GO:0035295";"GO:BP";"tube development";21100;10287;"Down"
"2076";"query_1";TRUE;0,0211592519710461;313;1198;38;0,0317195325542571;0,121405750798722;"GO:0006520";"GO:BP";"cellular amino acid metabolic process";21100;2493;"Down"
"2077";"query_1";TRUE;0,0212683809028304;130;976;19;0,0194672131147541;0,146153846153846;"GO:0043467";"GO:BP";"regulation of generation of precursor metabolites and energy";21100;12343;"Down"
"2078";"query_1";TRUE;0,0213676969243698;15;767;6;0,00782268578878748;0,4;"GO:0051299";"GO:BP";"centrosome separation";21100;15742;"Down"
"2079";"query_1";TRUE;0,0214279053419952;1579;550;70;0,127272727272727;0,0443318556048132;"GO:0010629";"GO:BP";"negative regulation of gene expression";21100;4774;"Down"
"2080";"query_1";TRUE;0,0217508875342342;239;429;17;0,0396270396270396;0,0711297071129707;"GO:0071560";"GO:BP";"cellular response to transforming growth factor beta stimulus";21100;19567;"Down"
"2081";"query_1";TRUE;0,0220336637037828;10;702;5;0,00712250712250712;0,5;"GO:0032070";"GO:BP";"regulation of deoxyribonuclease activity";21100;8511;"Down"
"2082";"query_1";TRUE;0,0224750995095197;32;720;8;0,0111111111111111;0,25;"GO:0006221";"GO:BP";"pyrimidine nucleotide biosynthetic process";21100;2240;"Down"
"2083";"query_1";TRUE;0,0235253488142067;1708;1118;131;0,117173524150268;0,0766978922716628;"GO:1901566";"GO:BP";"organonitrogen compound biosynthetic process";21100;24855;"Down"
"2084";"query_1";TRUE;0,0235645809234874;770;291;27;0,0927835051546392;0,0350649350649351;"GO:0043549";"GO:BP";"regulation of kinase activity";21100;12396;"Down"
"2085";"query_1";TRUE;0,0236619021614705;242;1212;32;0,0264026402640264;0,132231404958678;"GO:1903039";"GO:BP";"positive regulation of leukocyte cell-cell adhesion";21100;26152;"Down"
"2086";"query_1";TRUE;0,0237716202295591;629;1100;59;0,0536363636363636;0,0937996820349762;"GO:0031347";"GO:BP";"regulation of defense response";21100;8278;"Down"
"2087";"query_1";TRUE;0,0238687103469448;328;1148;38;0,0331010452961672;0,115853658536585;"GO:0104004";"GO:BP";"cellular response to environmental stimulus";21100;22485;"Down"
"2088";"query_1";TRUE;0,0238687103469448;328;1148;38;0,0331010452961672;0,115853658536585;"GO:0071214";"GO:BP";"cellular response to abiotic stimulus";21100;19249;"Down"
"2089";"query_1";TRUE;0,0242447413128217;95;387;10;0,0258397932816537;0,105263157894737;"GO:0045132";"GO:BP";"meiotic chromosome segregation";21100;13139;"Down"
"2090";"query_1";TRUE;0,0242488143366298;346;500;23;0,046;0,0664739884393064;"GO:0030111";"GO:BP";"regulation of Wnt signaling pathway";21100;7708;"Down"
"2091";"query_1";TRUE;0,0246459709663063;1351;1103;107;0,0970081595648232;0,07920059215396;"GO:0010648";"GO:BP";"negative regulation of cell communication";21100;4793;"Down"
"2092";"query_1";TRUE;0,0247890744237883;172;1022;23;0,0225048923679061;0,133720930232558;"GO:0016573";"GO:BP";"histone acetylation";21100;5849;"Down"
"2093";"query_1";TRUE;0,0249842439343092;12360;560;377;0,673214285714286;0,0305016181229773;"GO:0043170";"GO:BP";"macromolecule metabolic process";21100;12184;"Down"
"2094";"query_1";TRUE;0,0254552428983446;639;72;11;0,152777777777778;0,0172143974960876;"GO:0048589";"GO:BP";"developmental growth";21100;14901;"Down"
"2095";"query_1";TRUE;0,025575340050498;946;1216;87;0,0715460526315789;0,0919661733615222;"GO:0044087";"GO:BP";"regulation of cellular component biogenesis";21100;12628;"Down"
"2096";"query_1";TRUE;0,025914457057743;31;1016;9;0,00885826771653543;0,290322580645161;"GO:0035456";"GO:BP";"response to interferon-beta";21100;10398;"Down"
"2097";"query_1";TRUE;0,0259771670064779;53;720;10;0,0138888888888889;0,188679245283019;"GO:0006220";"GO:BP";"pyrimidine nucleotide metabolic process";21100;2239;"Down"
"2098";"query_1";TRUE;0,0259853606828958;242;990;28;0,0282828282828283;0,115702479338843;"GO:0071356";"GO:BP";"cellular response to tumor necrosis factor";21100;19385;"Down"
"2099";"query_1";TRUE;0,0267659559088748;415;1158;45;0,038860103626943;0,108433734939759;"GO:0002696";"GO:BP";"positive regulation of leukocyte activation";21100;1337;"Down"
"2100";"query_1";TRUE;0,0272507909328066;24;720;7;0,00972222222222222;0,291666666666667;"GO:0009147";"GO:BP";"pyrimidine nucleoside triphosphate metabolic process";21100;3746;"Down"
"2101";"query_1";TRUE;0,0275318324962592;9;109;3;0,0275229357798165;0,333333333333333;"GO:0006265";"GO:BP";"DNA topological change";21100;2281;"Down"
"2102";"query_1";TRUE;0,0276011845194852;148;430;13;0,0302325581395349;0,0878378378378378;"GO:0038061";"GO:BP";"NIK/NF-kappaB signaling";21100;11164;"Down"
"2103";"query_1";TRUE;0,0277089135138259;13;73;3;0,0410958904109589;0,230769230769231;"GO:0007144";"GO:BP";"female meiosis I";21100;3049;"Down"
"2104";"query_1";TRUE;0,0280059099637785;6;176;3;0,0170454545454545;0,5;"GO:0010032";"GO:BP";"meiotic chromosome condensation";21100;4306;"Down"
"2105";"query_1";TRUE;0,028500495597534;188;1148;26;0,0226480836236934;0,138297872340426;"GO:0071478";"GO:BP";"cellular response to radiation";21100;19499;"Down"
"2106";"query_1";TRUE;0,0285506227356953;131;1081;20;0,0185013876040703;0,152671755725191;"GO:0007098";"GO:BP";"centrosome cycle";21100;3007;"Down"
"2107";"query_1";TRUE;0,0287303573179897;43;717;9;0,0125523012552301;0,209302325581395;"GO:0031145";"GO:BP";"anaphase-promoting complex-dependent catabolic process";21100;8189;"Down"
"2108";"query_1";TRUE;0,0287308396852623;57;188;6;0,0319148936170213;0,105263157894737;"GO:2000142";"GO:BP";"regulation of DNA-templated transcription, initiation";21100;29366;"Down"
"2109";"query_1";TRUE;0,0288968921656133;1356;1103;107;0,0970081595648232;0,0789085545722714;"GO:0023057";"GO:BP";"negative regulation of signaling";21100;7653;"Down"
"2110";"query_1";TRUE;0,0289599432498502;31;357;6;0,0168067226890756;0,193548387096774;"GO:0071353";"GO:BP";"cellular response to interleukin-4";21100;19382;"Down"
"2111";"query_1";TRUE;0,0290409548063401;778;935;61;0,06524064171123;0,0784061696658098;"GO:0051603";"GO:BP";"proteolysis involved in cellular protein catabolic process";21100;15966;"Down"
"2112";"query_1";TRUE;0,0290416618590608;32;199;5;0,0251256281407035;0,15625;"GO:0010165";"GO:BP";"response to X-ray";21100;4437;"Down"
"2113";"query_1";TRUE;0,0291539851625389;69;235;7;0,0297872340425532;0,101449275362319;"GO:0002562";"GO:BP";"somatic diversification of immune receptors via germline recombination within a single locus";21100;1206;"Down"
"2114";"query_1";TRUE;0,0291539851625389;69;235;7;0,0297872340425532;0,101449275362319;"GO:0016444";"GO:BP";"somatic cell DNA recombination";21100;5808;"Down"
"2115";"query_1";TRUE;0,0301061370964073;245;429;17;0,0396270396270396;0,0693877551020408;"GO:0071559";"GO:BP";"response to transforming growth factor beta";21100;19566;"Down"
"2116";"query_1";TRUE;0,0322381013188584;160;403;13;0,032258064516129;0,08125;"GO:0030177";"GO:BP";"positive regulation of Wnt signaling pathway";21100;7726;"Down"
"2117";"query_1";TRUE;0,0323325720128738;31;364;6;0,0164835164835165;0,193548387096774;"GO:0034508";"GO:BP";"centromere complex assembly";21100;9961;"Down"
"2118";"query_1";TRUE;0,0326199948792996;12;84;3;0,0357142857142857;0,25;"GO:0044771";"GO:BP";"meiotic cell cycle phase transition";21100;12979;"Down"
"2119";"query_1";TRUE;0,0328521071875556;24;741;7;0,00944669365721997;0,291666666666667;"GO:0019985";"GO:BP";"translesion synthesis";21100;7031;"Down"
"2120";"query_1";TRUE;0,0329130547572447;16;62;3;0,0483870967741935;0,1875;"GO:0000212";"GO:BP";"meiotic spindle organization";21100;101;"Down"
"2121";"query_1";TRUE;0,033219731086765;4;317;3;0,00946372239747634;0,75;"GO:0007057";"GO:BP";"spindle assembly involved in female meiosis I";21100;2970;"Down"
"2122";"query_1";TRUE;0,033239739046403;237;1200;31;0,0258333333333333;0,130801687763713;"GO:0097305";"GO:BP";"response to alcohol";21100;21763;"Down"
"2123";"query_1";TRUE;0,0332723994434472;12;10;2;0,2;0,166666666666667;"GO:0009176";"GO:BP";"pyrimidine deoxyribonucleoside monophosphate metabolic process";21100;3774;"Down"
"2124";"query_1";TRUE;0,0334028513633703;1599;1103;122;0,110607434270172;0,0762976860537836;"GO:0048585";"GO:BP";"negative regulation of response to stimulus";21100;14897;"Down"
"2125";"query_1";TRUE;0,0337086153226289;25;125;4;0,032;0,16;"GO:0009162";"GO:BP";"deoxyribonucleoside monophosphate metabolic process";21100;3760;"Down"
"2126";"query_1";TRUE;0,0339193870246037;116;1137;19;0,0167106420404573;0,163793103448276;"GO:0030518";"GO:BP";"intracellular steroid hormone receptor signaling pathway";21100;7888;"Down"
"2127";"query_1";TRUE;0,0343411147082722;368;1158;41;0,035405872193437;0,111413043478261;"GO:0051251";"GO:BP";"positive regulation of lymphocyte activation";21100;15706;"Down"
"2128";"query_1";TRUE;0,0345525852955292;42;568;8;0,0140845070422535;0,19047619047619;"GO:0071364";"GO:BP";"cellular response to epidermal growth factor stimulus";21100;19393;"Down"
"2129";"query_1";TRUE;0,0351167515614349;285;163;11;0,0674846625766871;0,0385964912280702;"GO:0002366";"GO:BP";"leukocyte activation involved in immune response";21100;1021;"Down"
"2130";"query_1";TRUE;0,0351289746514608;653;291;24;0,0824742268041237;0,0367534456355283;"GO:0045859";"GO:BP";"regulation of protein kinase activity";21100;13573;"Down"
"2131";"query_1";TRUE;0,0355107331352713;33;4;2;0,5;0,0606060606060606;"GO:0042558";"GO:BP";"pteridine-containing compound metabolic process";21100;11825;"Down"
"2132";"query_1";TRUE;0,0356543856396727;18;1047;7;0,00668576886341929;0,388888888888889;"GO:0046112";"GO:BP";"nucleobase biosynthetic process";21100;13812;"Down"
"2133";"query_1";TRUE;0,0367970163284985;77;505;10;0,0198019801980198;0,12987012987013;"GO:0000281";"GO:BP";"mitotic cytokinesis";21100;121;"Down"
"2134";"query_1";TRUE;0,0389258625899363;179;1155;25;0,0216450216450216;0,139664804469274;"GO:0052126";"GO:BP";"movement in host environment";21100;16350;"Down"
"2135";"query_1";TRUE;0,039485020844816;412;1148;44;0,0383275261324042;0,106796116504854;"GO:0052548";"GO:BP";"regulation of endopeptidase activity";21100;16660;"Down"
"2136";"query_1";TRUE;0,0395329859449485;988;1212;89;0,0734323432343234;0,090080971659919;"GO:0006082";"GO:BP";"organic acid metabolic process";21100;2114;"Down"
"2137";"query_1";TRUE;0,0398443014525062;177;1022;23;0,0225048923679061;0,129943502824859;"GO:0018393";"GO:BP";"internal peptidyl-lysine acetylation";21100;6243;"Down"
"2138";"query_1";TRUE;0,0399592119912228;145;1081;21;0,0194264569842738;0,144827586206897;"GO:0031023";"GO:BP";"microtubule organizing center organization";21100;8101;"Down"
"2139";"query_1";TRUE;0,039976352011582;289;163;11;0,0674846625766871;0,0380622837370242;"GO:0002263";"GO:BP";"cell activation involved in immune response";21100;918;"Down"
"2140";"query_1";TRUE;0,0400117678068364;4;35;2;0,0571428571428571;0,5;"GO:1905448";"GO:BP";"positive regulation of mitochondrial ATP synthesis coupled electron transport";21100;28338;"Down"
"2141";"query_1";TRUE;0,0409230440417536;57;702;10;0,0142450142450142;0,175438596491228;"GO:0007062";"GO:BP";"sister chromatid cohesion";21100;2974;"Down"
"2142";"query_1";TRUE;0,0409309714093737;1461;1212;122;0,100660066006601;0,0835044490075291;"GO:0016477";"GO:BP";"cell migration";21100;5816;"Down"
"2143";"query_1";TRUE;0,0410869680264136;39;1060;10;0,00943396226415094;0,256410256410256;"GO:0034142";"GO:BP";"toll-like receptor 4 signaling pathway";21100;9710;"Down"
"2144";"query_1";TRUE;0,0413282112389992;140;1215;22;0,0181069958847737;0,157142857142857;"GO:0046328";"GO:BP";"regulation of JNK cascade";21100;14027;"Down"
"2145";"query_1";TRUE;0,0415622697153887;147;1155;22;0,019047619047619;0,149659863945578;"GO:0046718";"GO:BP";"viral entry into host cell";21100;14319;"Down"
"2146";"query_1";TRUE;0,0423383304790302;33;357;6;0,0168067226890756;0,181818181818182;"GO:0070670";"GO:BP";"response to interleukin-4";21100;19003;"Down"
"2147";"query_1";TRUE;0,0425942904548508;5;916;4;0,00436681222707424;0,8;"GO:1902975";"GO:BP";"mitotic DNA replication initiation";21100;26090;"Down"
"2148";"query_1";TRUE;0,0425942904548508;5;916;4;0,00436681222707424;0,8;"GO:1902315";"GO:BP";"nuclear cell cycle DNA replication initiation";21100;25544;"Down"
"2149";"query_1";TRUE;0,0425942904548508;5;916;4;0,00436681222707424;0,8;"GO:1902292";"GO:BP";"cell cycle DNA replication initiation";21100;25527;"Down"
"2150";"query_1";TRUE;0,0426043828720327;276;1194;34;0,0284757118927973;0,123188405797101;"GO:0043547";"GO:BP";"positive regulation of GTPase activity";21100;12395;"Down"
"2151";"query_1";TRUE;0,0431777749809147;69;994;13;0,0130784708249497;0,188405797101449;"GO:0032722";"GO:BP";"positive regulation of chemokine production";21100;8967;"Down"
"2152";"query_1";TRUE;0,0435386149115131;953;1118;81;0,0724508050089445;0,0849947534102833;"GO:0045321";"GO:BP";"leukocyte activation";21100;13217;"Down"
"2153";"query_1";TRUE;0,0435542742238837;741;1215;71;0,0584362139917695;0,0958164642375169;"GO:0060341";"GO:BP";"regulation of cellular localization";21100;17116;"Down"
"2154";"query_1";TRUE;0,044436885733297;55;1083;12;0,0110803324099723;0,218181818181818;"GO:0010332";"GO:BP";"response to gamma radiation";21100;4543;"Down"
"2155";"query_1";TRUE;0,0446070762779576;52;3;2;0,666666666666667;0,0384615384615385;"GO:0060218";"GO:BP";"hematopoietic stem cell differentiation";21100;17002;"Down"
"2156";"query_1";TRUE;0,0449497816223401;34;741;8;0,0107962213225371;0,235294117647059;"GO:0006301";"GO:BP";"postreplication repair";21100;2316;"Down"
"2157";"query_1";TRUE;0,0451894469660519;60;55;4;0,0727272727272727;0,0666666666666667;"GO:1902893";"GO:BP";"regulation of miRNA transcription";21100;26016;"Down"
"2158";"query_1";TRUE;0,0453324312911091;138;1148;21;0,0182926829268293;0,152173913043478;"GO:0030879";"GO:BP";"mammary gland development";21100;8037;"Down"
"2159";"query_1";TRUE;0,0453884112050908;402;997;39;0,0391173520561685;0,0970149253731343;"GO:0043254";"GO:BP";"regulation of protein-containing complex assembly";21100;12207;"Down"
"2160";"query_1";TRUE;0,0455159098913039;187;62;6;0,0967741935483871;0,0320855614973262;"GO:0031099";"GO:BP";"regeneration";21100;8147;"Down"
"2161";"query_1";TRUE;0,0456294411554079;332;1212;39;0,0321782178217822;0,117469879518072;"GO:0048545";"GO:BP";"response to steroid hormone";21100;14865;"Down"
"2162";"query_1";TRUE;0,0469859551916684;93;1208;17;0,0140728476821192;0,182795698924731;"GO:1901879";"GO:BP";"regulation of protein depolymerization";21100;25143;"Down"
"2163";"query_1";TRUE;0,0470741124742495;105;550;12;0,0218181818181818;0,114285714285714;"GO:0045739";"GO:BP";"positive regulation of DNA repair";21100;13465;"Down"
"2164";"query_1";TRUE;0,0474308373563995;4;357;3;0,00840336134453781;0,75;"GO:0090402";"GO:BP";"oncogene-induced cell senescence";21100;21408;"Down"
"2165";"query_1";TRUE;0,0478897808260787;179;1022;23;0,0225048923679061;0,128491620111732;"GO:0006475";"GO:BP";"internal protein amino acid acetylation";21100;2452;"Down"
"2166";"query_1";TRUE;0,0482673288580181;61;55;4;0,0727272727272727;0,0655737704918033;"GO:0061614";"GO:BP";"miRNA transcription";21100;18285;"Down"
"2167";"query_1";TRUE;0,0483455744090695;122;1208;20;0,0165562913907285;0,163934426229508;"GO:0051261";"GO:BP";"protein depolymerization";21100;15716;"Down"
"2168";"query_1";TRUE;0,0493444381345158;31;110;4;0,0363636363636364;0,129032258064516;"GO:0006298";"GO:BP";"mismatch repair";21100;2314;"Down"
"2169";"query_1";TRUE;0,0495262698104555;271;488;19;0,0389344262295082;0,0701107011070111;"GO:0060828";"GO:BP";"regulation of canonical Wnt signaling pathway";21100;17582;"Down"
"2170";"query_1";TRUE;0,0497852178287504;1906;1112;141;0,126798561151079;0,0739769150052466;"GO:0006955";"GO:BP";"immune response";21100;2888;"Down"
"2171";"query_1";TRUE;0,049951145493885;3;55;2;0,0363636363636364;0,666666666666667;"GO:0060574";"GO:BP";"intestinal epithelial cell maturation";21100;17335;"Down"
"2172";"query_1";TRUE;4,84564047882755e-83;4215;1170;512;0,437606837606838;0,1214709371293;"GO:0005654";"GO:CC";"nucleoplasm";21698;311;"Down"
"2173";"query_1";TRUE;3,5921664587722e-61;6625;1183;632;0,534234995773457;0,0953962264150943;"GO:0070013";"GO:CC";"intracellular organelle lumen";21698;2716;"Down"
"2174";"query_1";TRUE;3,82626385745654e-61;6626;1183;632;0,534234995773457;0,095381829157863;"GO:0031974";"GO:CC";"membrane-enclosed lumen";21698;1444;"Down"
"2175";"query_1";TRUE;3,82626385745654e-61;6626;1183;632;0,534234995773457;0,095381829157863;"GO:0043233";"GO:CC";"organelle lumen";21698;2130;"Down"
"2176";"query_1";TRUE;1,22415729035261e-50;12241;1217;936;0,769104354971241;0,076464341148599;"GO:0005737";"GO:CC";"cytoplasm";21698;384;"Down"
"2177";"query_1";TRUE;7,33996501080588e-50;5500;1167;529;0,453299057412168;0,0961818181818182;"GO:0031981";"GO:CC";"nuclear lumen";21698;1450;"Down"
"2178";"query_1";TRUE;1,53015652918028e-42;5420;1156;502;0,434256055363322;0,092619926199262;"GO:0005829";"GO:CC";"cytosol";21698;469;"Down"
"2179";"query_1";TRUE;1,15139206669083e-27;1838;370;106;0,286486486486487;0,0576713819368879;"GO:0005694";"GO:CC";"chromosome";21698;347;"Down"
"2180";"query_1";TRUE;3,38016701382029e-23;15617;1034;883;0,853965183752418;0,0565409489658705;"GO:0043227";"GO:CC";"membrane-bounded organelle";21698;2124;"Down"
"2181";"query_1";TRUE;9,2697583194159e-22;374;650;57;0,0876923076923077;0,152406417112299;"GO:0098687";"GO:CC";"chromosomal region";21698;3608;"Down"
"2182";"query_1";TRUE;2,1237289828695e-21;14570;1191;952;0,799328295549958;0,0653397391901167;"GO:0043231";"GO:CC";"intracellular membrane-bounded organelle";21698;2128;"Down"
"2183";"query_1";TRUE;6,75498351615854e-21;10084;1045;642;0,614354066985646;0,0636652122173741;"GO:0005634";"GO:CC";"nucleus";21698;294;"Down"
"2184";"query_1";TRUE;6,55461019811645e-20;16739;1098;970;0,883424408014572;0,0579485034948324;"GO:0043226";"GO:CC";"organelle";21698;2123;"Down"
"2185";"query_1";TRUE;3,15382052277716e-19;17809;1103;1014;0,919310970081596;0,0569375035094615;"GO:0005622";"GO:CC";"intracellular anatomical structure";21698;283;"Down"
"2186";"query_1";TRUE;3,7700689271198e-19;15936;1098;935;0,851548269581056;0,0586721887550201;"GO:0043229";"GO:CC";"intracellular organelle";21698;2126;"Down"
"2187";"query_1";TRUE;1,87807444565935e-18;259;646;44;0,0681114551083591;0,16988416988417;"GO:0000793";"GO:CC";"condensed chromosome";21698;110;"Down"
"2188";"query_1";TRUE;1,10278546299388e-17;1505;1127;164;0,145519077196096;0,108970099667774;"GO:1902494";"GO:CC";"catalytic complex";21698;4012;"Down"
"2189";"query_1";TRUE;1,45981057869382e-14;235;704;39;0,0553977272727273;0,165957446808511;"GO:0000775";"GO:CC";"chromosome, centromeric region";21698;100;"Down"
"2190";"query_1";TRUE;2,56170891474026e-14;879;1183;111;0,0938292476754015;0,126279863481229;"GO:0016604";"GO:CC";"nuclear body";21698;898;"Down"
"2191";"query_1";TRUE;4,95611595175856e-12;6424;367;178;0,485013623978202;0,0277085927770859;"GO:0043232";"GO:CC";"intracellular non-membrane-bounded organelle";21698;2129;"Down"
"2192";"query_1";TRUE;5,03511990377356e-12;6425;367;178;0,485013623978202;0,027704280155642;"GO:0043228";"GO:CC";"non-membrane-bounded organelle";21698;2125;"Down"
"2193";"query_1";TRUE;5,46933698761983e-12;1268;370;63;0,17027027027027;0,0496845425867508;"GO:0000785";"GO:CC";"chromatin";21698;106;"Down"
"2194";"query_1";TRUE;3,08702023024325e-11;418;979;57;0,0582226762002043;0,136363636363636;"GO:0005819";"GO:CC";"spindle";21698;460;"Down"
"2195";"query_1";TRUE;3,10022716489236e-10;149;563;24;0,0426287744227353;0,161073825503356;"GO:0000776";"GO:CC";"kinetochore";21698;101;"Down"
"2196";"query_1";TRUE;4,02288905868722e-10;1339;705;94;0,133333333333333;0,070201643017177;"GO:0015630";"GO:CC";"microtubule cytoskeleton";21698;837;"Down"
"2197";"query_1";TRUE;5,54661850457361e-10;159;646;26;0,0402476780185759;0,163522012578616;"GO:0000779";"GO:CC";"condensed chromosome, centromeric region";21698;102;"Down"
"2198";"query_1";TRUE;5,86807980176137e-10;484;1039;62;0,0596727622714148;0,128099173553719;"GO:0005635";"GO:CC";"nuclear envelope";21698;295;"Down"
"2199";"query_1";TRUE;6,92638120485591e-10;2355;994;180;0,181086519114688;0,0764331210191083;"GO:0005856";"GO:CC";"cytoskeleton";21698;491;"Down"
"2200";"query_1";TRUE;2,51333790288321e-09;2110;1212;191;0,157590759075908;0,090521327014218;"GO:0070062";"GO:CC";"extracellular exosome";21698;2739;"Down"
"2201";"query_1";TRUE;2,54111110547728e-09;243;808;35;0,0433168316831683;0,1440329218107;"GO:0000228";"GO:CC";"nuclear chromosome";21698;41;"Down"
"2202";"query_1";TRUE;2,81835497264375e-09;1260;1079;119;0,110287303058387;0,0944444444444444;"GO:0031975";"GO:CC";"envelope";21698;1445;"Down"
"2203";"query_1";TRUE;2,81835497264375e-09;1260;1079;119;0,110287303058387;0,0944444444444444;"GO:0031967";"GO:CC";"organelle envelope";21698;1438;"Down"
"2204";"query_1";TRUE;4,43999064239408e-09;838;1083;89;0,0821791320406279;0,106205250596659;"GO:1990234";"GO:CC";"transferase complex";21698;4218;"Down"
"2205";"query_1";TRUE;6,51969519804546e-09;2133;1212;191;0,157590759075908;0,0895452414439756;"GO:1903561";"GO:CC";"extracellular vesicle";21698;4067;"Down"
"2206";"query_1";TRUE;6,79160440967867e-09;2134;1212;191;0,157590759075908;0,0895032802249297;"GO:0043230";"GO:CC";"extracellular organelle";21698;2127;"Down"
"2207";"query_1";TRUE;6,79160440967867e-09;2134;1212;191;0,157590759075908;0,0895032802249297;"GO:0065010";"GO:CC";"extracellular membrane-bounded organelle";21698;2715;"Down"
"2208";"query_1";TRUE;7,55790063089573e-09;1349;552;77;0,139492753623188;0,0570793180133432;"GO:0099080";"GO:CC";"supramolecular complex";21698;3746;"Down"
"2209";"query_1";TRUE;2,17657912822866e-08;193;939;32;0,0340788072417465;0,16580310880829;"GO:0005681";"GO:CC";"spliceosomal complex";21698;334;"Down"
"2210";"query_1";TRUE;6,62855243056028e-08;502;370;32;0,0864864864864865;0,0637450199203187;"GO:0005667";"GO:CC";"transcription regulator complex";21698;322;"Down"
"2211";"query_1";TRUE;8,22107435279375e-08;11;1195;9;0,00753138075313808;0,818181818181818;"GO:0071162";"GO:CC";"CMG complex";21698;3020;"Down"
"2212";"query_1";TRUE;1,300024248636e-07;205;946;32;0,0338266384778013;0,15609756097561;"GO:0030496";"GO:CC";"midbody";21698;1111;"Down"
"2213";"query_1";TRUE;2,35350506267587e-07;423;1212;57;0,047029702970297;0,134751773049645;"GO:0005925";"GO:CC";"focal adhesion";21698;549;"Down"
"2214";"query_1";TRUE;2,548834998433e-07;7399;1132;482;0,425795053003534;0,06514393837005;"GO:0032991";"GO:CC";"protein-containing complex";21698;1568;"Down"
"2215";"query_1";TRUE;3,12674973464845e-07;12;1195;9;0,00753138075313808;0,75;"GO:0031261";"GO:CC";"DNA replication preinitiation complex";21698;1268;"Down"
"2216";"query_1";TRUE;3,69037504887316e-07;166;650;23;0,0353846153846154;0,13855421686747;"GO:0000781";"GO:CC";"chromosome, telomeric region";21698;103;"Down"
"2217";"query_1";TRUE;5,2259959207322e-07;432;1212;57;0,047029702970297;0,131944444444444;"GO:0030055";"GO:CC";"cell-substrate junction";21698;1026;"Down"
"2218";"query_1";TRUE;7,17926212335136e-07;783;1102;80;0,0725952813067151;0,102171136653895;"GO:0140535";"GO:CC";"intracellular protein-containing complex";21698;3964;"Down"
"2219";"query_1";TRUE;7,76054491157779e-07;826;705;61;0,0865248226950355;0,0738498789346247;"GO:0005815";"GO:CC";"microtubule organizing center";21698;456;"Down"
"2220";"query_1";TRUE;9,57523787964929e-07;52;222;9;0,0405405405405405;0,173076923076923;"GO:0000307";"GO:CC";"cyclin-dependent protein kinase holoenzyme complex";21698;58;"Down"
"2221";"query_1";TRUE;1,40297506071607e-06;174;970;28;0,0288659793814433;0,160919540229885;"GO:0072686";"GO:CC";"mitotic spindle";21698;3154;"Down"
"2222";"query_1";TRUE;5,70647489553769e-06;628;705;49;0,0695035460992908;0,0780254777070064;"GO:0005813";"GO:CC";"centrosome";21698;454;"Down"
"2223";"query_1";TRUE;7,13180349360705e-06;85;727;16;0,0220082530949106;0,188235294117647;"GO:0071013";"GO:CC";"catalytic step 2 spliceosome";21698;2930;"Down"
"2224";"query_1";TRUE;1,36385227765664e-05;171;702;22;0,0313390313390313;0,128654970760234;"GO:0000922";"GO:CC";"spindle pole";21698;137;"Down"
"2225";"query_1";TRUE;2,23740167233289e-05;306;1073;39;0,0363466915191053;0,127450980392157;"GO:0031965";"GO:CC";"nuclear membrane";21698;1436;"Down"
"2226";"query_1";TRUE;2,30611546589426e-05;14;63;4;0,0634920634920635;0,285714285714286;"GO:0045120";"GO:CC";"pronucleus";21698;2432;"Down"
"2227";"query_1";TRUE;2,38045891647536e-05;76;776;15;0,0193298969072165;0,197368421052632;"GO:0000792";"GO:CC";"heterochromatin";21698;109;"Down"
"2228";"query_1";TRUE;2,67661930286449e-05;130;1146;24;0,0209424083769634;0,184615384615385;"GO:0034399";"GO:CC";"nuclear periphery";21698;1708;"Down"
"2229";"query_1";TRUE;3,27316269379174e-05;416;1202;51;0,0424292845257903;0,122596153846154;"GO:0016607";"GO:CC";"nuclear speck";21698;901;"Down"
"2230";"query_1";TRUE;4,02734029927236e-05;1683;1011;125;0,123639960435213;0,0742721330956625;"GO:0005739";"GO:CC";"mitochondrion";21698;385;"Down"
"2231";"query_1";TRUE;4,6378164382444e-05;181;963;26;0,0269989615784008;0,143646408839779;"GO:0001726";"GO:CC";"ruffle";21698;184;"Down"
"2232";"query_1";TRUE;4,82183593897736e-05;3957;1212;291;0,24009900990099;0,0735405610310842;"GO:0031982";"GO:CC";"vesicle";21698;1451;"Down"
"2233";"query_1";TRUE;4,89525432283236e-05;82;104;7;0,0673076923076923;0,0853658536585366;"GO:0005876";"GO:CC";"spindle microtubule";21698;506;"Down"
"2234";"query_1";TRUE;5,50879271001394e-05;76;171;8;0,0467836257309941;0,105263157894737;"GO:0017053";"GO:CC";"transcription repressor complex";21698;913;"Down"
"2235";"query_1";TRUE;5,86342998135409e-05;11;284;5;0,0176056338028169;0,454545454545455;"GO:0042555";"GO:CC";"MCM complex";21698;2026;"Down"
"2236";"query_1";TRUE;8,17341211730903e-05;109;1146;21;0,0183246073298429;0,192660550458716;"GO:0016363";"GO:CC";"nuclear matrix";21698;867;"Down"
"2237";"query_1";TRUE;0,00025650666036532;1010;80;16;0,2;0,0158415841584158;"GO:0099081";"GO:CC";"supramolecular polymer";21698;3747;"Down"
"2238";"query_1";TRUE;0,000306912171969665;3364;1200;247;0,205833333333333;0,0734244946492271;"GO:0005615";"GO:CC";"extracellular space";21698;277;"Down"
"2239";"query_1";TRUE;0,000334241146695415;104;506;13;0,0256916996047431;0,125;"GO:0016605";"GO:CC";"PML body";21698;899;"Down"
"2240";"query_1";TRUE;0,000464966290319686;81;915;15;0,0163934426229508;0,185185185185185;"GO:0000794";"GO:CC";"condensed nuclear chromosome";21698;111;"Down"
"2241";"query_1";TRUE;0,00053555168141239;444;104;12;0,115384615384615;0,027027027027027;"GO:0005874";"GO:CC";"microtubule";21698;504;"Down"
"2242";"query_1";TRUE;0,000579998775048439;848;1192;80;0,0671140939597315;0,0943396226415094;"GO:0070161";"GO:CC";"anchoring junction";21698;2761;"Down"
"2243";"query_1";TRUE;0,000620361788923496;108;222;9;0,0405405405405405;0,0833333333333333;"GO:1902554";"GO:CC";"serine/threonine protein kinase complex";21698;4023;"Down"
"2244";"query_1";TRUE;0,000627414942039827;86;1127;17;0,0150842945874002;0,197674418604651;"GO:1905369";"GO:CC";"endopeptidase complex";21698;4100;"Down"
"2245";"query_1";TRUE;0,000713613346469486;2747;353;76;0,215297450424929;0,0276665453221696;"GO:0140513";"GO:CC";"nuclear protein-containing complex";21698;3961;"Down"
"2246";"query_1";TRUE;0,000791607524827615;484;988;46;0,0465587044534413;0,0950413223140496;"GO:0005759";"GO:CC";"mitochondrial matrix";21698;403;"Down"
"2247";"query_1";TRUE;0,00087328898728808;117;1127;20;0,0177462289263531;0,170940170940171;"GO:1905368";"GO:CC";"peptidase complex";21698;4099;"Down"
"2248";"query_1";TRUE;0,000922522579599943;2;35;2;0,0571428571428571;1;"GO:0097125";"GO:CC";"cyclin B1-CDK1 complex";21698;3256;"Down"
"2249";"query_1";TRUE;0,00114623811880617;502;1212;54;0,0445544554455446;0,107569721115538;"GO:0015629";"GO:CC";"actin cytoskeleton";21698;836;"Down"
"2250";"query_1";TRUE;0,00119004846810846;66;918;13;0,014161220043573;0,196969696969697;"GO:0000502";"GO:CC";"proteasome complex";21698;97;"Down"
"2251";"query_1";TRUE;0,0011937315833684;1001;80;15;0,1875;0,014985014985015;"GO:0099512";"GO:CC";"supramolecular fiber";21698;3777;"Down"
"2252";"query_1";TRUE;0,00134200294081911;247;1165;32;0,0274678111587983;0,129554655870445;"GO:0036464";"GO:CC";"cytoplasmic ribonucleoprotein granule";21698;1959;"Down"
"2253";"query_1";TRUE;0,0014151401568823;769;104;15;0,144230769230769;0,0195058517555267;"GO:0099513";"GO:CC";"polymeric cytoskeletal fiber";21698;3778;"Down"
"2254";"query_1";TRUE;0,00149081884747572;310;1205;38;0,0315352697095436;0,12258064516129;"GO:0005788";"GO:CC";"endoplasmic reticulum lumen";21698;431;"Down"
"2255";"query_1";TRUE;0,00188409019207928;15;397;5;0,0125944584382872;0,333333333333333;"GO:0072687";"GO:CC";"meiotic spindle";21698;3155;"Down"
"2256";"query_1";TRUE;0,00207576248023767;264;1165;33;0,0283261802575107;0,125;"GO:0035770";"GO:CC";"ribonucleoprotein granule";21698;1874;"Down"
"2257";"query_1";TRUE;0,00208726063474934;125;222;9;0,0405405405405405;0,072;"GO:1902911";"GO:CC";"protein kinase complex";21698;4049;"Down"
"2258";"query_1";TRUE;0,00251799638660742;96;767;14;0,0182529335071708;0,145833333333333;"GO:0005643";"GO:CC";"nuclear pore";21698;302;"Down"
"2259";"query_1";TRUE;0,002706463843009;36;848;9;0,0106132075471698;0,25;"GO:0051233";"GO:CC";"spindle midzone";21698;2553;"Down"
"2260";"query_1";TRUE;0,00306556263573398;47;644;9;0,0139751552795031;0,191489361702128;"GO:0000152";"GO:CC";"nuclear ubiquitin ligase complex";21698;25;"Down"
"2261";"query_1";TRUE;0,00427527370352732;67;1178;14;0,0118845500848896;0,208955223880597;"GO:0005657";"GO:CC";"replication fork";21698;314;"Down"
"2262";"query_1";TRUE;0,00562150720497647;30;1139;9;0,00790166812993854;0,3;"GO:0002102";"GO:CC";"podosome";21698;201;"Down"
"2263";"query_1";TRUE;0,00633071393540151;12;1175;6;0,0051063829787234;0,5;"GO:0034709";"GO:CC";"methylosome";21698;1775;"Down"
"2264";"query_1";TRUE;0,00741158829297542;11;110;3;0,0272727272727273;0,272727272727273;"GO:0005652";"GO:CC";"nuclear lamina";21698;310;"Down"
"2265";"query_1";TRUE;0,00804683534138628;4315;1212;298;0,245874587458746;0,0690614136732329;"GO:0005576";"GO:CC";"extracellular region";21698;240;"Down"
"2266";"query_1";TRUE;0,00849145791537853;97;1083;16;0,0147737765466297;0,164948453608247;"GO:0090734";"GO:CC";"site of DNA damage";21698;3229;"Down"
"2267";"query_1";TRUE;0,00857319059625083;97;963;15;0,0155763239875389;0,154639175257732;"GO:0032587";"GO:CC";"ruffle membrane";21698;1544;"Down"
"2268";"query_1";TRUE;0,00950269319056315;245;208;11;0,0528846153846154;0,0448979591836735;"GO:0090575";"GO:CC";"RNA polymerase II transcription regulator complex";21698;3195;"Down"
"2269";"query_1";TRUE;0,0104069174942505;8;176;3;0,0170454545454545;0,375;"GO:0000796";"GO:CC";"condensin complex";21698;113;"Down"
"2270";"query_1";TRUE;0,0109711270933278;162;80;6;0,075;0,037037037037037;"GO:0005875";"GO:CC";"microtubule associated complex";21698;505;"Down"
"2271";"query_1";TRUE;0,0125089554586839;6;263;3;0,0114068441064639;0,5;"GO:0032133";"GO:CC";"chromosome passenger complex";21698;1474;"Down"
"2272";"query_1";TRUE;0,012656690240326;50;80;4;0,05;0,08;"GO:0005871";"GO:CC";"kinesin complex";21698;501;"Down"
"2273";"query_1";TRUE;0,0163066983367127;28;776;7;0,00902061855670103;0,25;"GO:0005721";"GO:CC";"pericentric heterochromatin";21698;368;"Down"
"2274";"query_1";TRUE;0,0166379660532554;2;147;2;0,0136054421768707;1;"GO:0097128";"GO:CC";"cyclin D1-CDK4 complex";21698;3259;"Down"
"2275";"query_1";TRUE;0,024996521705643;105;1211;17;0,014037985136251;0,161904761904762;"GO:0034708";"GO:CC";"methyltransferase complex";21698;1774;"Down"
"2276";"query_1";TRUE;0,0258770262079467;233;334;13;0,0389221556886228;0,055793991416309;"GO:0032993";"GO:CC";"protein-DNA complex";21698;1570;"Down"
"2277";"query_1";TRUE;0,033894858813015;73;550;9;0,0163636363636364;0,123287671232877;"GO:0035861";"GO:CC";"site of double-strand break";21698;1886;"Down"
"2278";"query_1";TRUE;0,036500292257679;421;1134;41;0,0361552028218695;0,0973871733966746;"GO:0031252";"GO:CC";"cell leading edge";21698;1259;"Down"
"2279";"query_1";TRUE;0,0369083390552412;718;1099;60;0,0545950864422202;0,0835654596100279;"GO:0048471";"GO:CC";"perinuclear region of cytoplasm";21698;2538;"Down"
"2280";"query_1";TRUE;0,0388646557270215;306;914;28;0,0306345733041575;0,0915032679738562;"GO:0000151";"GO:CC";"ubiquitin ligase complex";21698;24;"Down"
"2281";"query_1";TRUE;0,0415105897683724;288;976;28;0,0286885245901639;0,0972222222222222;"GO:0061695";"GO:CC";"transferase complex, transferring phosphorus-containing groups";21698;2634;"Down"
"2282";"query_1";TRUE;0,0473287283128413;20;916;6;0,00655021834061135;0,3;"GO:0042575";"GO:CC";"DNA polymerase complex";21698;2034;"Down"
"2283";"query_1";TRUE;0,0485742431844801;6;415;3;0,0072289156626506;0,5;"GO:0070533";"GO:CC";"BRCA1-C complex";21698;2836;"Down"
"2284";"query_1";TRUE;2,36896969649107e-38;14833;1218;1080;0,886699507389163;0,0728106249578642;"GO:0005515";"GO:MF";"protein binding";20183;1879;"Down"
"2285";"query_1";TRUE;1,32048985525908e-15;5746;850;358;0,421176470588235;0,0623042116254786;"GO:0003824";"GO:MF";"catalytic activity";20183;514;"Down"
"2286";"query_1";TRUE;1,09909612515591e-13;2048;1120;201;0,179464285714286;0,09814453125;"GO:0019899";"GO:MF";"enzyme binding";20183;4612;"Down"
"2287";"query_1";TRUE;4,88095857368981e-13;2176;808;163;0,201732673267327;0,0749080882352941;"GO:0000166";"GO:MF";"nucleotide binding";20183;35;"Down"
"2288";"query_1";TRUE;5,08931825903191e-13;2177;808;163;0,201732673267327;0,0748736793752871;"GO:1901265";"GO:MF";"nucleoside phosphate binding";20183;11989;"Down"
"2289";"query_1";TRUE;7,58958522669119e-13;580;1206;87;0,0721393034825871;0,15;"GO:0003682";"GO:MF";"chromatin binding";20183;406;"Down"
"2290";"query_1";TRUE;1,84727552155403e-12;121;359;21;0,0584958217270195;0,173553719008264;"GO:0003697";"GO:MF";"single-stranded DNA binding";20183;421;"Down"
"2291";"query_1";TRUE;7,30912540899869e-11;2105;1198;206;0,17195325542571;0,0978622327790974;"GO:0042802";"GO:MF";"identical protein binding";20183;6679;"Down"
"2292";"query_1";TRUE;1,51489256899002e-10;2519;808;173;0,214108910891089;0,0686780468439857;"GO:0036094";"GO:MF";"small molecule binding";20183;6382;"Down"
"2293";"query_1";TRUE;3,92687858462463e-10;1850;808;137;0,169554455445545;0,0740540540540541;"GO:0035639";"GO:MF";"purine ribonucleoside triphosphate binding";20183;6335;"Down"
"2294";"query_1";TRUE;4,759874951572e-10;2497;467;113;0,241970021413276;0,0452543051661994;"GO:0003677";"GO:MF";"DNA binding";20183;402;"Down"
"2295";"query_1";TRUE;1,02733666282911e-09;1503;808;117;0,14480198019802;0,0778443113772455;"GO:0005524";"GO:MF";"ATP binding";20183;1888;"Down"
"2296";"query_1";TRUE;2,19589190358187e-09;1932;808;139;0,172029702970297;0,0719461697722567;"GO:0017076";"GO:MF";"purine nucleotide binding";20183;3955;"Down"
"2297";"query_1";TRUE;2,76443532387817e-09;1919;808;138;0,170792079207921;0,0719124544033351;"GO:0032555";"GO:MF";"purine ribonucleotide binding";20183;5401;"Down"
"2298";"query_1";TRUE;4,77782542215574e-09;2422;808;163;0,201732673267327;0,0672997522708505;"GO:0043168";"GO:MF";"anion binding";20183;6765;"Down"
"2299";"query_1";TRUE;5,03858252926305e-09;1577;808;119;0,147277227722772;0,0754597336715282;"GO:0030554";"GO:MF";"adenyl nucleotide binding";20183;4877;"Down"
"2300";"query_1";TRUE;5,22528084925139e-09;1936;808;138;0,170792079207921;0,0712809917355372;"GO:0032553";"GO:MF";"ribonucleotide binding";20183;5399;"Down"
"2301";"query_1";TRUE;6,86711962984777e-09;1566;808;118;0,146039603960396;0,0753512132822478;"GO:0032559";"GO:MF";"adenyl ribonucleotide binding";20183;5405;"Down"
"2302";"query_1";TRUE;1,07829534376527e-08;7428;882;419;0,475056689342404;0,0564081852450188;"GO:1901363";"GO:MF";"heterocyclic compound binding";20183;11992;"Down"
"2303";"query_1";TRUE;1,1106059467849e-08;594;1097;74;0,0674567000911577;0,124579124579125;"GO:0008134";"GO:MF";"transcription factor binding";20183;1992;"Down"
"2304";"query_1";TRUE;1,25889671930309e-08;7501;882;422;0,478458049886621;0,0562591654446074;"GO:0097159";"GO:MF";"organic cyclic compound binding";20183;10278;"Down"
"2305";"query_1";TRUE;2,20297442991353e-08;351;1165;54;0,0463519313304721;0,153846153846154;"GO:0003729";"GO:MF";"mRNA binding";20183;445;"Down"
"2306";"query_1";TRUE;3,21923626315835e-08;229;1202;42;0,0349417637271215;0,183406113537118;"GO:0140097";"GO:MF";"catalytic activity, acting on DNA";20183;11754;"Down"
"2307";"query_1";TRUE;1,0481678395745e-07;479;1097;62;0,056517775752051;0,129436325678497;"GO:0140297";"GO:MF";"DNA-binding transcription factor binding";20183;11784;"Down"
"2308";"query_1";TRUE;7,3287064309174e-07;2292;811;149;0,183723797780518;0,0650087260034904;"GO:0097367";"GO:MF";"carbohydrate derivative binding";20183;10311;"Down"
"2309";"query_1";TRUE;1,9396541049597e-06;516;1202;66;0,0549084858569052;0,127906976744186;"GO:0003712";"GO:MF";"transcription coregulator activity";20183;430;"Down"
"2310";"query_1";TRUE;2,37505354446662e-06;2322;842;153;0,181710213776722;0,0658914728682171;"GO:0140096";"GO:MF";"catalytic activity, acting on a protein";20183;11753;"Down"
"2311";"query_1";TRUE;5,29916597068323e-06;6066;1059;402;0,379603399433428;0,066271018793274;"GO:0043167";"GO:MF";"ion binding";20183;6764;"Down"
"2312";"query_1";TRUE;7,97051391886015e-06;18309;1218;1156;0,949096880131363;0,0631383472609099;"GO:0005488";"GO:MF";"binding";20183;1862;"Down"
"2313";"query_1";TRUE;3,10673340859088e-05;690;352;34;0,0965909090909091;0,0492753623188406;"GO:0019901";"GO:MF";"protein kinase binding";20183;4614;"Down"
"2314";"query_1";TRUE;3,11645291215941e-05;286;1202;42;0,0349417637271215;0,146853146853147;"GO:0003713";"GO:MF";"transcription coactivator activity";20183;431;"Down"
"2315";"query_1";TRUE;4,74740230337202e-05;771;352;36;0,102272727272727;0,0466926070038911;"GO:0019900";"GO:MF";"kinase binding";20183;4613;"Down"
"2316";"query_1";TRUE;5,14457157247034e-05;689;1103;72;0,0652765185856754;0,104499274310595;"GO:0019904";"GO:MF";"protein domain specific binding";20183;4617;"Down"
"2317";"query_1";TRUE;5,41256653397684e-05;142;1142;26;0,0227670753064799;0,183098591549296;"GO:0016922";"GO:MF";"nuclear receptor binding";20183;3879;"Down"
"2318";"query_1";TRUE;5,75450225869819e-05;353;1215;48;0,0395061728395062;0,135977337110482;"GO:0061629";"GO:MF";"RNA polymerase II-specific DNA-binding transcription factor binding";20183;9622;"Down"
"2319";"query_1";TRUE;7,66941170663188e-05;333;795;35;0,0440251572327044;0,105105105105105;"GO:0045296";"GO:MF";"cadherin binding";20183;7163;"Down"
"2320";"query_1";TRUE;8,29006468132339e-05;113;1095;22;0,0200913242009132;0,194690265486726;"GO:0008094";"GO:MF";"ATP-dependent activity, acting on DNA";20183;1961;"Down"
"2321";"query_1";TRUE;8,75368529261075e-05;546;1095;60;0,0547945205479452;0,10989010989011;"GO:0140657";"GO:MF";"ATP-dependent activity";20183;11908;"Down"
"2322";"query_1";TRUE;0,00012910704496492;23;406;7;0,0172413793103448;0,304347826086957;"GO:0017116";"GO:MF";"single-stranded DNA helicase activity";20183;3981;"Down"
"2323";"query_1";TRUE;0,000150041360020389;97;906;18;0,0198675496688742;0,185567010309278;"GO:0003730";"GO:MF";"mRNA 3'-UTR binding";20183;446;"Down"
"2324";"query_1";TRUE;0,000150332632985872;2336;891;153;0,171717171717172;0,0654965753424658;"GO:0016740";"GO:MF";"transferase activity";20183;3712;"Down"
"2325";"query_1";TRUE;0,000220854302802651;37;260;7;0,0269230769230769;0,189189189189189;"GO:0000217";"GO:MF";"DNA secondary structure binding";20183;45;"Down"
"2326";"query_1";TRUE;0,000310686866537598;161;1095;26;0,0237442922374429;0,161490683229814;"GO:0004386";"GO:MF";"helicase activity";20183;1006;"Down"
"2327";"query_1";TRUE;0,000312827237198766;1283;1208;120;0,0993377483443709;0,0935307872174591;"GO:0044877";"GO:MF";"protein-containing complex binding";20183;7118;"Down"
"2328";"query_1";TRUE;0,000463994130754721;69;603;12;0,0199004975124378;0,173913043478261;"GO:0003684";"GO:MF";"damaged DNA binding";20183;408;"Down"
"2329";"query_1";TRUE;0,000488732223507979;48;222;7;0,0315315315315315;0,145833333333333;"GO:0016538";"GO:MF";"cyclin-dependent protein serine/threonine kinase regulator activity";20183;3584;"Down"
"2330";"query_1";TRUE;0,000610762975360961;74;1195;17;0,0142259414225941;0,22972972972973;"GO:0003678";"GO:MF";"DNA helicase activity";20183;403;"Down"
"2331";"query_1";TRUE;0,00087139702942906;21;199;5;0,0251256281407035;0,238095238095238;"GO:0070182";"GO:MF";"DNA polymerase binding";20183;9821;"Down"
"2332";"query_1";TRUE;0,00103150606308107;246;1107;33;0,029810298102981;0,134146341463415;"GO:0042393";"GO:MF";"histone binding";20183;6639;"Down"
"2333";"query_1";TRUE;0,00127654295976005;18;109;4;0,036697247706422;0,222222222222222;"GO:0008301";"GO:MF";"DNA binding, bending";20183;2084;"Down"
"2334";"query_1";TRUE;0,00145955563258248;108;348;11;0,0316091954022989;0,101851851851852;"GO:0031490";"GO:MF";"chromatin DNA binding";20183;5076;"Down"
"2335";"query_1";TRUE;0,00221935136914341;123;1030;20;0,0194174757281553;0,16260162601626;"GO:0042826";"GO:MF";"histone deacetylase binding";20183;6687;"Down"
"2336";"query_1";TRUE;0,00245943328026665;446;808;39;0,0482673267326733;0,0874439461883408;"GO:0004712";"GO:MF";"protein serine/threonine/tyrosine kinase activity";20183;1282;"Down"
"2337";"query_1";TRUE;0,00263267435612445;5449;373;140;0,375335120643432;0,0256927876674619;"GO:0003676";"GO:MF";"nucleic acid binding";20183;401;"Down"
"2338";"query_1";TRUE;0,00300851807964467;145;808;19;0,0235148514851485;0,131034482758621;"GO:0004713";"GO:MF";"protein tyrosine kinase activity";20183;1283;"Down"
"2339";"query_1";TRUE;0,00352078560321464;191;174;10;0,0574712643678161;0,0523560209424084;"GO:0003714";"GO:MF";"transcription corepressor activity";20183;432;"Down"
"2340";"query_1";TRUE;0,00368524777294395;10;635;5;0,0078740157480315;0,5;"GO:0008641";"GO:MF";"ubiquitin-like modifier activating enzyme activity";20183;2287;"Down"
"2341";"query_1";TRUE;0,00397782331101715;271;153;11;0,0718954248366013;0,040590405904059;"GO:0008017";"GO:MF";"microtubule binding";20183;1928;"Down"
"2342";"query_1";TRUE;0,00401898871321992;84;712;13;0,0182584269662921;0,154761904761905;"GO:0003727";"GO:MF";"single-stranded RNA binding";20183;444;"Down"
"2343";"query_1";TRUE;0,00406085863143222;68;80;5;0,0625;0,0735294117647059;"GO:0003777";"GO:MF";"microtubule motor activity";20183;468;"Down"
"2344";"query_1";TRUE;0,00422292314241008;999;998;81;0,0811623246492986;0,0810810810810811;"GO:0008092";"GO:MF";"cytoskeletal protein binding";20183;1959;"Down"
"2345";"query_1";TRUE;0,00502940244122152;190;634;19;0,0299684542586751;0,1;"GO:0008022";"GO:MF";"protein C-terminus binding";20183;1932;"Down"
"2346";"query_1";TRUE;0,00513074901696179;113;1089;19;0,0174471992653811;0,168141592920354;"GO:0001221";"GO:MF";"transcription coregulator binding";20183;239;"Down"
"2347";"query_1";TRUE;0,00514869273799718;1652;341;52;0,152492668621701;0,0314769975786925;"GO:0003690";"GO:MF";"double-stranded DNA binding";20183;414;"Down"
"2348";"query_1";TRUE;0,00550037397314746;606;1095;59;0,0538812785388128;0,0973597359735974;"GO:0140640";"GO:MF";"catalytic activity, acting on a nucleic acid";20183;11905;"Down"
"2349";"query_1";TRUE;0,00601698102118138;5;784;4;0,00510204081632653;0,8;"GO:0038132";"GO:MF";"neuregulin binding";20183;6534;"Down"
"2350";"query_1";TRUE;0,00688673561388723;356;313;18;0,0575079872204473;0,050561797752809;"GO:0016887";"GO:MF";"ATP hydrolysis activity";20183;3848;"Down"
"2351";"query_1";TRUE;0,00712911066619449;379;998;39;0,0390781563126252;0,102902374670185;"GO:0015631";"GO:MF";"tubulin binding";20183;3353;"Down"
"2352";"query_1";TRUE;0,00722547334440981;757;1087;69;0,0634774609015639;0,0911492734478203;"GO:0016817";"GO:MF";"hydrolase activity, acting on acid anhydrides";20183;3780;"Down"
"2353";"query_1";TRUE;0,00722547334440981;757;1087;69;0,0634774609015639;0,0911492734478203;"GO:0016818";"GO:MF";"hydrolase activity, acting on acid anhydrides, in phosphorus-containing anhydrides";20183;3781;"Down"
"2354";"query_1";TRUE;0,00862471522945923;795;808;57;0,0705445544554455;0,0716981132075472;"GO:0016301";"GO:MF";"kinase activity";20183;3487;"Down"
"2355";"query_1";TRUE;0,0102657656151047;314;1094;36;0,0329067641681901;0,114649681528662;"GO:0044389";"GO:MF";"ubiquitin-like protein ligase binding";20183;7062;"Down"
"2356";"query_1";TRUE;0,0110149323609111;954;808;65;0,0804455445544554;0,0681341719077568;"GO:0016772";"GO:MF";"transferase activity, transferring phosphorus-containing groups";20183;3741;"Down"
"2357";"query_1";TRUE;0,0113473421451127;58;830;11;0,0132530120481928;0,189655172413793;"GO:0042054";"GO:MF";"histone methyltransferase activity";20183;6578;"Down"
"2358";"query_1";TRUE;0,0114807079244379;1114;1051;90;0,0856327307326356;0,0807899461400359;"GO:0046914";"GO:MF";"transition metal ion binding";20183;7329;"Down"
"2359";"query_1";TRUE;0,0117386786844577;754;1087;68;0,062557497700092;0,0901856763925729;"GO:0016462";"GO:MF";"pyrophosphatase activity";20183;3543;"Down"
"2360";"query_1";TRUE;0,0120447401010632;1555;93;20;0,21505376344086;0,0128617363344051;"GO:1990837";"GO:MF";"sequence-specific double-stranded DNA binding";20183;12276;"Down"
"2361";"query_1";TRUE;0,0137895380908173;560;795;43;0,0540880503144654;0,0767857142857143;"GO:0050839";"GO:MF";"cell adhesion molecule binding";20183;9068;"Down"
"2362";"query_1";TRUE;0,0143357524711346;2457;1217;195;0,160230073952342;0,0793650793650794;"GO:0016787";"GO:MF";"hydrolase activity";20183;3754;"Down"
"2363";"query_1";TRUE;0,0187807788127838;9;473;4;0,00845665961945032;0,444444444444444;"GO:0097200";"GO:MF";"cysteine-type endopeptidase activity involved in execution phase of apoptosis";20183;10285;"Down"
"2364";"query_1";TRUE;0,0213398255709672;43;31;3;0,0967741935483871;0,0697674418604651;"GO:0001046";"GO:MF";"core promoter sequence-specific DNA binding";20183;167;"Down"
"2365";"query_1";TRUE;0,0231329688690067;42;635;8;0,0125984251968504;0,19047619047619;"GO:0016877";"GO:MF";"ligase activity, forming carbon-sulfur bonds";20183;3838;"Down"
"2366";"query_1";TRUE;0,0246460351634306;1918;190;36;0,189473684210526;0,0187695516162669;"GO:0140110";"GO:MF";"transcription regulator activity";20183;11762;"Down"
"2367";"query_1";TRUE;0,0246743750339447;17;848;6;0,00707547169811321;0,352941176470588;"GO:0008574";"GO:MF";"plus-end-directed microtubule motor activity";20183;2273;"Down"
"2368";"query_1";TRUE;0,0247961777348125;43;455;7;0,0153846153846154;0,162790697674419;"GO:0018024";"GO:MF";"histone-lysine N-methyltransferase activity";20183;4018;"Down"
"2369";"query_1";TRUE;0,0255579265962769;16;916;6;0,00655021834061135;0,375;"GO:0003688";"GO:MF";"DNA replication origin binding";20183;412;"Down"
"2370";"query_1";TRUE;0,0278568304106538;586;808;44;0,0544554455445545;0,0750853242320819;"GO:0004672";"GO:MF";"protein kinase activity";20183;1251;"Down"
"2371";"query_1";TRUE;0,0281794688466257;561;1197;57;0,0476190476190476;0,101604278074866;"GO:0008047";"GO:MF";"enzyme activator activity";20183;1944;"Down"
"2372";"query_1";TRUE;0,0302659380713508;1659;93;20;0,21505376344086;0,0120554550934298;"GO:0043565";"GO:MF";"sequence-specific DNA binding";20183;6832;"Down"
"2373";"query_1";TRUE;0,0316074579768226;834;1188;77;0,0648148148148148;0,092326139088729;"GO:0008270";"GO:MF";"zinc ion binding";20183;2074;"Down"
"2374";"query_1";TRUE;0,0321855772537022;360;226;14;0,0619469026548673;0,0388888888888889;"GO:0106310";"GO:MF";"protein serine kinase activity";20183;11602;"Down"
"2375";"query_1";TRUE;0,0333330824578014;42;1089;10;0,00918273645546373;0,238095238095238;"GO:0030331";"GO:MF";"nuclear estrogen receptor binding";20183;4802;"Down"
"2376";"query_1";TRUE;0,0369486187402526;57;1142;12;0,010507880910683;0,210526315789474;"GO:0030374";"GO:MF";"nuclear receptor coactivator activity";20183;4832;"Down"
"2377";"query_1";TRUE;0,0391640981226357;296;1094;33;0,030164533820841;0,111486486486486;"GO:0031625";"GO:MF";"ubiquitin protein ligase binding";20183;5091;"Down"
"2378";"query_1";TRUE;0,0417759750633988;698;1087;62;0,0570377184912604;0,0888252148997135;"GO:0017111";"GO:MF";"nucleoside-triphosphatase activity";20183;3978;"Down"
"2379";"query_1";TRUE;0,0454668343203659;51;735;9;0,0122448979591837;0,176470588235294;"GO:0051287";"GO:MF";"NAD binding";20183;9122;"Down"
"2380";"query_1";TRUE;0,0477838914477096;132;905;17;0,0187845303867403;0,128787878787879;"GO:0019838";"GO:MF";"growth factor binding";20183;4586;"Down"
"2381";"query_1";TRUE;6,43107937533036e-17;964;907;161;0,177508269018743;0,16701244813278;"HPA:0471391";"HPA";"skin 2; cells in basal layer[≥Low]";10976;655;"Down"
"2382";"query_1";TRUE;6,28347952211228e-16;872;559;107;0,191413237924866;0,122706422018349;"HPA:0471411";"HPA";"skin 2; cells in spinous layer[≥Low]";10976;664;"Down"
"2383";"query_1";TRUE;1,35060209041677e-15;881;559;107;0,191413237924866;0,121452894438138;"HPA:0461391";"HPA";"skin 1; cells in basal layer[≥Low]";10976;603;"Down"
"2384";"query_1";TRUE;5,93133142145745e-13;684;559;86;0,153846153846154;0,125730994152047;"HPA:0471412";"HPA";"skin 2; cells in spinous layer[≥Medium]";10976;665;"Down"
"2385";"query_1";TRUE;1,67745749237243e-12;760;559;91;0,162790697674419;0,119736842105263;"HPA:0461411";"HPA";"skin 1; cells in spinous layer[≥Low]";10976;612;"Down"
"2386";"query_1";TRUE;2,07105227914475e-12;756;739;109;0,147496617050068;0,144179894179894;"HPA:0471392";"HPA";"skin 2; cells in basal layer[≥Medium]";10976;656;"Down"
"2387";"query_1";TRUE;1,39301600317175e-10;648;918;109;0,118736383442266;0,16820987654321;"HPA:0471472";"HPA";"skin 2; lymphocytes[≥Medium]";10976;689;"Down"
"2388";"query_1";TRUE;2,05972362695209e-10;637;698;89;0,127507163323782;0,139717425431711;"HPA:0461392";"HPA";"skin 1; cells in basal layer[≥Medium]";10976;604;"Down"
"2389";"query_1";TRUE;3,04661158350397e-10;507;768;81;0,10546875;0,159763313609467;"HPA:0301363";"HPA";"lung; alveolar cells type I[High]";10976;424;"Down"
"2390";"query_1";TRUE;6,5948182420218e-10;803;421;73;0,173396674584323;0,0909090909090909;"HPA:0471471";"HPA";"skin 2; lymphocytes[≥Low]";10976;688;"Down"
"2391";"query_1";TRUE;2,51682780632603e-09;840;1217;157;0,129005751848809;0,186904761904762;"HPA:0460201";"HPA";"skin 1; endothelial cells[≥Low]";10976;618;"Down"
"2392";"query_1";TRUE;4,16256999404565e-09;889;907;131;0,144432194046307;0,147356580427447;"HPA:0470201";"HPA";"skin 2; endothelial cells[≥Low]";10976;670;"Down"
"2393";"query_1";TRUE;5,63057145206966e-09;712;918;112;0,122004357298475;0,157303370786517;"HPA:0461471";"HPA";"skin 1; lymphocytes[≥Low]";10976;639;"Down"
"2394";"query_1";TRUE;5,63369098506803e-09;940;416;78;0,1875;0,0829787234042553;"HPA:0310433";"HPA";"lymph node; germinal center cells[High]";10976;437;"Down"
"2395";"query_1";TRUE;5,96793781698494e-09;1092;728;129;0,177197802197802;0,118131868131868;"HPA:0301361";"HPA";"lung; alveolar cells type I[≥Low]";10976;422;"Down"
"2396";"query_1";TRUE;6,43315521260439e-09;592;559;70;0,125223613595707;0,118243243243243;"HPA:0461412";"HPA";"skin 1; cells in spinous layer[≥Medium]";10976;613;"Down"
"2397";"query_1";TRUE;2,27205463853213e-08;1022;1217;179;0,14708299096138;0,175146771037182;"HPA:0471441";"HPA";"skin 2; fibrohistiocytic cells[≥Low]";10976;679;"Down"
"2398";"query_1";TRUE;4,67104546456543e-08;574;1212;114;0,0940594059405941;0,198606271777003;"HPA:0461472";"HPA";"skin 1; lymphocytes[≥Medium]";10976;640;"Down"
"2399";"query_1";TRUE;5,24464731346273e-08;790;743;101;0,135935397039031;0,127848101265823;"HPA:0471461";"HPA";"skin 2; langerhans cells[≥Low]";10976;685;"Down"
"2400";"query_1";TRUE;1,49886813495372e-07;716;559;76;0,135957066189624;0,106145251396648;"HPA:0461461";"HPA";"skin 1; langerhans cells[≥Low]";10976;636;"Down"
"2401";"query_1";TRUE;2,04361385073228e-07;888;650;98;0,150769230769231;0,11036036036036;"HPA:0301362";"HPA";"lung; alveolar cells type I[≥Medium]";10976;423;"Down"
"2402";"query_1";TRUE;2,65996010435626e-07;884;1217;156;0,128184059161873;0,176470588235294;"HPA:0461441";"HPA";"skin 1; fibrohistiocytic cells[≥Low]";10976;627;"Down"
"2403";"query_1";TRUE;4,97047749406696e-07;477;702;66;0,094017094017094;0,138364779874214;"HPA:0381191";"HPA";"placenta; cytotrophoblasts[≥Low]";10976;493;"Down"
"2404";"query_1";TRUE;5,56169845220421e-07;394;559;50;0,0894454382826476;0,126903553299492;"HPA:0461473";"HPA";"skin 1; lymphocytes[High]";10976;641;"Down"
"2405";"query_1";TRUE;7,17679715181306e-07;834;1212;147;0,121287128712871;0,176258992805755;"HPA:0471442";"HPA";"skin 2; fibrohistiocytic cells[≥Medium]";10976;680;"Down"
"2406";"query_1";TRUE;8,8264544702588e-07;592;650;72;0,110769230769231;0,121621621621622;"HPA:0460202";"HPA";"skin 1; endothelial cells[≥Medium]";10976;619;"Down"
"2407";"query_1";TRUE;1,00102524720609e-06;663;559;70;0,125223613595707;0,105580693815988;"HPA:0471462";"HPA";"skin 2; langerhans cells[≥Medium]";10976;686;"Down"
"2408";"query_1";TRUE;1,28641245785231e-06;5029;561;324;0,577540106951872;0,0644263273016504;"HPA:0310431";"HPA";"lymph node; germinal center cells[≥Low]";10976;435;"Down"
"2409";"query_1";TRUE;1,55050525796384e-06;457;1212;92;0,0759075907590759;0,201312910284464;"HPA:0471473";"HPA";"skin 2; lymphocytes[High]";10976;690;"Down"
"2410";"query_1";TRUE;2,11609615151826e-06;189;727;36;0,0495185694635488;0,19047619047619;"HPA:0461492";"HPA";"skin 1; vascular mural cells[≥Medium]";10976;649;"Down"
"2411";"query_1";TRUE;2,13993561475897e-06;242;727;42;0,0577716643741403;0,173553719008264;"HPA:0461491";"HPA";"skin 1; vascular mural cells[≥Low]";10976;648;"Down"
"2412";"query_1";TRUE;2,23826076378246e-06;407;1212;84;0,0693069306930693;0,206388206388206;"HPA:0461443";"HPA";"skin 1; fibrohistiocytic cells[High]";10976;629;"Down"
"2413";"query_1";TRUE;3,02767692883281e-06;725;918;105;0,11437908496732;0,144827586206897;"HPA:0470671";"HPA";"skin 2; melanocytes[≥Low]";10976;691;"Down"
"2414";"query_1";TRUE;3,15769982073842e-06;425;736;61;0,0828804347826087;0,143529411764706;"HPA:0381192";"HPA";"placenta; cytotrophoblasts[≥Medium]";10976;494;"Down"
"2415";"query_1";TRUE;3,5396203146759e-06;390;767;59;0,0769230769230769;0,151282051282051;"HPA:0401302";"HPA";"rectum; enterocytes[≥Medium]";10976;526;"Down"
"2416";"query_1";TRUE;5,0140588688626e-06;698;1212;125;0,103135313531353;0,179083094555874;"HPA:0461442";"HPA";"skin 1; fibrohistiocytic cells[≥Medium]";10976;628;"Down"
"2417";"query_1";TRUE;5,95478799844583e-06;293;618;42;0,0679611650485437;0,143344709897611;"HPA:0300203";"HPA";"lung; endothelial cells[High]";10976;430;"Down"
"2418";"query_1";TRUE;6,95135688162193e-06;638;1211;116;0,0957886044591247;0,181818181818182;"HPA:0470202";"HPA";"skin 2; endothelial cells[≥Medium]";10976;671;"Down"
"2419";"query_1";TRUE;8,46273165822853e-06;296;739;47;0,0635994587280108;0,158783783783784;"HPA:0471393";"HPA";"skin 2; cells in basal layer[High]";10976;657;"Down"
"2420";"query_1";TRUE;1,45708855141462e-05;191;739;35;0,047361299052774;0,183246073298429;"HPA:0461393";"HPA";"skin 1; cells in basal layer[High]";10976;605;"Down"
"2421";"query_1";TRUE;1,69955713220977e-05;1535;652;140;0,214723926380368;0,0912052117263844;"HPA:0301371";"HPA";"lung; alveolar cells type II[≥Low]";10976;425;"Down"
"2422";"query_1";TRUE;1,83976556156603e-05;641;708;77;0,108757062146893;0,1201248049922;"HPA:0470672";"HPA";"skin 2; melanocytes[≥Medium]";10976;692;"Down"
"2423";"query_1";TRUE;1,85596409394874e-05;1443;458;101;0,220524017467249;0,06999306999307;"HPA:0040083";"HPA";"bone marrow; hematopoietic cells[High]";10976;53;"Down"
"2424";"query_1";TRUE;2,06667612260355e-05;1235;652;118;0,180981595092025;0,0955465587044534;"HPA:0301372";"HPA";"lung; alveolar cells type II[≥Medium]";10976;426;"Down"
"2425";"query_1";TRUE;4,1010385108176e-05;563;608;62;0,101973684210526;0,1101243339254;"HPA:0470182";"HPA";"skin 2; cells in granular layer[≥Medium]";10976;662;"Down"
"2426";"query_1";TRUE;4,83698140905129e-05;720;555;69;0,124324324324324;0,0958333333333333;"HPA:0470181";"HPA";"skin 2; cells in granular layer[≥Low]";10976;661;"Down"
"2427";"query_1";TRUE;5,77556917755989e-05;3284;551;220;0,399274047186933;0,0669914738124239;"HPA:0310432";"HPA";"lymph node; germinal center cells[≥Medium]";10976;436;"Down"
"2428";"query_1";TRUE;6,33973966186185e-05;207;559;30;0,0536672629695885;0,144927536231884;"HPA:0461413";"HPA";"skin 1; cells in spinous layer[High]";10976;614;"Down"
"2429";"query_1";TRUE;6,7759633105074e-05;558;608;61;0,100328947368421;0,109318996415771;"HPA:0460182";"HPA";"skin 1; cells in granular layer[≥Medium]";10976;610;"Down"
"2430";"query_1";TRUE;9,30971192371835e-05;651;587;66;0,112436115843271;0,101382488479263;"HPA:0300202";"HPA";"lung; endothelial cells[≥Medium]";10976;429;"Down"
"2431";"query_1";TRUE;0,000114806928986723;192;727;33;0,0453920220082531;0,171875;"HPA:0471492";"HPA";"skin 2; vascular mural cells[≥Medium]";10976;698;"Down"
"2432";"query_1";TRUE;0,000120784395820105;363;739;51;0,0690121786197564;0,140495867768595;"HPA:0031302";"HPA";"appendix; enterocytes[≥Medium]";10976;27;"Down"
"2433";"query_1";TRUE;0,00012239417132077;515;335;38;0,113432835820896;0,0737864077669903;"HPA:0401301";"HPA";"rectum; enterocytes[≥Low]";10976;525;"Down"
"2434";"query_1";TRUE;0,000140244032014024;218;739;36;0,0487144790257104;0,165137614678899;"HPA:0461463";"HPA";"skin 1; langerhans cells[High]";10976;638;"Down"
"2435";"query_1";TRUE;0,000146099754147816;578;559;58;0,103756708407871;0,100346020761246;"HPA:0461462";"HPA";"skin 1; langerhans cells[≥Medium]";10976;637;"Down"
"2436";"query_1";TRUE;0,000171098792090323;248;739;39;0,0527740189445196;0,157258064516129;"HPA:0460183";"HPA";"skin 1; cells in granular layer[High]";10976;611;"Down"
"2437";"query_1";TRUE;0,000171098792090323;248;739;39;0,0527740189445196;0,157258064516129;"HPA:0471413";"HPA";"skin 2; cells in spinous layer[High]";10976;666;"Down"
"2438";"query_1";TRUE;0,000216323230427875;135;727;26;0,0357634112792297;0,192592592592593;"HPA:0461493";"HPA";"skin 1; vascular mural cells[High]";10976;650;"Down"
"2439";"query_1";TRUE;0,000234589319650791;321;1211;65;0,0536746490503716;0,202492211838006;"HPA:0470203";"HPA";"skin 2; endothelial cells[High]";10976;672;"Down"
"2440";"query_1";TRUE;0,00030488635713013;711;743;82;0,110363391655451;0,115330520393812;"HPA:0460181";"HPA";"skin 1; cells in granular layer[≥Low]";10976;609;"Down"
"2441";"query_1";TRUE;0,000337490663693208;295;736;43;0,0584239130434783;0,145762711864407;"HPA:0381193";"HPA";"placenta; cytotrophoblasts[High]";10976;495;"Down"
"2442";"query_1";TRUE;0,000366607921519677;357;736;49;0,0665760869565217;0,137254901960784;"HPA:0470673";"HPA";"skin 2; melanocytes[High]";10976;693;"Down"
"2443";"query_1";TRUE;0,000370354804252061;240;727;37;0,0508940852819807;0,154166666666667;"HPA:0471491";"HPA";"skin 2; vascular mural cells[≥Low]";10976;697;"Down"
"2444";"query_1";TRUE;0,000425116099840273;228;739;36;0,0487144790257104;0,157894736842105;"HPA:0401303";"HPA";"rectum; enterocytes[High]";10976;527;"Down"
"2445";"query_1";TRUE;0,000454859740745583;1224;711;120;0,168776371308017;0,0980392156862745;"HPA:0600433";"HPA";"tonsil; germinal center cells[High]";10976;820;"Down"
"2446";"query_1";TRUE;0,000556508989182228;799;618;77;0,124595469255663;0,0963704630788486;"HPA:0300201";"HPA";"lung; endothelial cells[≥Low]";10976;428;"Down"
"2447";"query_1";TRUE;0,000574231693127627;263;290;22;0,0758620689655172;0,0836501901140684;"HPA:0030442";"HPA";"appendix; non-germinal center cells[≥Medium]";10976;48;"Down"
"2448";"query_1";TRUE;0,000697842662791538;4076;540;252;0,466666666666667;0,0618253189401374;"HPA:0600432";"HPA";"tonsil; germinal center cells[≥Medium]";10976;819;"Down"
"2449";"query_1";TRUE;0,000855200840959132;664;650;69;0,106153846153846;0,103915662650602;"HPA:0301373";"HPA";"lung; alveolar cells type II[High]";10976;427;"Down"
"2450";"query_1";TRUE;0,000940642596708384;336;739;46;0,0622462787550744;0,136904761904762;"HPA:0030441";"HPA";"appendix; non-germinal center cells[≥Low]";10976;47;"Down"
"2451";"query_1";TRUE;0,00102615758002151;266;739;39;0,0527740189445196;0,146616541353383;"HPA:0471463";"HPA";"skin 2; langerhans cells[High]";10976;687;"Down"
"2452";"query_1";TRUE;0,00103622700509193;480;767;61;0,0795306388526728;0,127083333333333;"HPA:0031301";"HPA";"appendix; enterocytes[≥Low]";10976;26;"Down"
"2453";"query_1";TRUE;0,00107189002584301;1705;208;58;0,278846153846154;0,0340175953079179;"HPA:0570781";"HPA";"testis; preleptotene spermatocytes[≥Low]";10976;794;"Down"
"2454";"query_1";TRUE;0,00119271523984559;468;1212;84;0,0693069306930693;0,179487179487179;"HPA:0471443";"HPA";"skin 2; fibrohistiocytic cells[High]";10976;681;"Down"
"2455";"query_1";TRUE;0,00119882367296313;282;1211;57;0,0470685383980182;0,202127659574468;"HPA:0381203";"HPA";"placenta; hofbauer cells[High]";10976;504;"Down"
"2456";"query_1";TRUE;0,001212386103529;248;739;37;0,0500676589986468;0,149193548387097;"HPA:0470183";"HPA";"skin 2; cells in granular layer[High]";10976;663;"Down"
"2457";"query_1";TRUE;0,00126422364033693;316;1211;62;0,0511973575557391;0,19620253164557;"HPA:0460203";"HPA";"skin 1; endothelial cells[High]";10976;620;"Down"
"2458";"query_1";TRUE;0,00146198112111228;410;1202;75;0,062396006655574;0,182926829268293;"HPA:0401292";"HPA";"rectum; endocrine cells[≥Medium]";10976;520;"Down"
"2459";"query_1";TRUE;0,00156870215990846;273;1202;55;0,045757071547421;0,201465201465201;"HPA:0401293";"HPA";"rectum; endocrine cells[High]";10976;521;"Down"
"2460";"query_1";TRUE;0,00206511364446961;842;418;58;0,138755980861244;0,0688836104513064;"HPA:0270353";"HPA";"kidney; cells in glomeruli[High]";10976;388;"Down"
"2461";"query_1";TRUE;0,00237139522256596;381;736;49;0,0665760869565217;0,128608923884514;"HPA:0381202";"HPA";"placenta; hofbauer cells[≥Medium]";10976;503;"Down"
"2462";"query_1";TRUE;0,00248685405912839;218;767;34;0,0443285528031291;0,155963302752294;"HPA:0131303";"HPA";"colon; enterocytes[High]";10976;221;"Down"
"2463";"query_1";TRUE;0,00264967557941133;381;739;49;0,0663058186738836;0,128608923884514;"HPA:0131302";"HPA";"colon; enterocytes[≥Medium]";10976;220;"Down"
"2464";"query_1";TRUE;0,00271875158193102;197;972;37;0,0380658436213992;0,187817258883249;"HPA:0471451";"HPA";"skin 2; hair follicles[≥Low]";10976;682;"Down"
"2465";"query_1";TRUE;0,00375352575612027;372;767;49;0,0638852672750978;0,131720430107527;"HPA:0031292";"HPA";"appendix; endocrine cells[≥Medium]";10976;24;"Down"
"2466";"query_1";TRUE;0,00381600310307642;202;142;12;0,0845070422535211;0,0594059405940594;"HPA:0461481";"HPA";"skin 1; sebaceous glands[≥Low]";10976;645;"Down"
"2467";"query_1";TRUE;0,00392704943983093;367;421;32;0,0760095011876485;0,0871934604904632;"HPA:0461451";"HPA";"skin 1; hair follicles[≥Low]";10976;630;"Down"
"2468";"query_1";TRUE;0,00420117547758505;858;344;50;0,145348837209302;0,0582750582750583;"HPA:0290403";"HPA";"liver; hepatocytes[High]";10976;417;"Down"
"2469";"query_1";TRUE;0,00464851180580784;345;1202;64;0,0532445923460899;0,185507246376812;"HPA:0400892";"HPA";"rectum; goblet cells[≥Medium]";10976;541;"Down"
"2470";"query_1";TRUE;0,0049299501469142;254;767;37;0,0482398956975228;0,145669291338583;"HPA:0131293";"HPA";"colon; endocrine cells[High]";10976;215;"Down"
"2471";"query_1";TRUE;0,00510914842204137;176;736;28;0,0380434782608696;0,159090909090909;"HPA:0401333";"HPA";"rectum; mucosal lymphoid cells[High]";10976;545;"Down"
"2472";"query_1";TRUE;0,00587029125212509;1145;585;93;0,158974358974359;0,0812227074235808;"HPA:0330223";"HPA";"oral mucosa; squamous epithelial cells[High]";10976;466;"Down"
"2473";"query_1";TRUE;0,00599489864961747;398;116;15;0,129310344827586;0,0376884422110553;"HPA:0401332";"HPA";"rectum; mucosal lymphoid cells[≥Medium]";10976;544;"Down"
"2474";"query_1";TRUE;0,00601615912921699;227;767;34;0,0443285528031291;0,149779735682819;"HPA:0030432";"HPA";"appendix; germinal center cells[≥Medium]";10976;36;"Down"
"2475";"query_1";TRUE;0,00655883127744072;1789;706;156;0,220963172804533;0,087199552822806;"HPA:0170252";"HPA";"endometrium 2; cells in endometrial stroma[≥Medium]";10976;290;"Down"
"2476";"query_1";TRUE;0,00716995507381695;238;580;29;0,05;0,121848739495798;"HPA:0500703";"HPA";"soft tissue 1; peripheral nerve[High]";10976;735;"Down"
"2477";"query_1";TRUE;0,0072571916414062;507;116;17;0,146551724137931;0,0335305719921105;"HPA:0131301";"HPA";"colon; enterocytes[≥Low]";10976;219;"Down"
"2478";"query_1";TRUE;0,00736446473613702;677;384;45;0,1171875;0,0664697193500739;"HPA:0080123";"HPA";"caudate; glial cells[High]";10976;93;"Down"
"2479";"query_1";TRUE;0,00771943610905189;1339;354;70;0,19774011299435;0,0522778192681105;"HPA:0570782";"HPA";"testis; preleptotene spermatocytes[≥Medium]";10976;795;"Down"
"2480";"query_1";TRUE;0,00778883546065625;436;1041;68;0,0653218059558117;0,155963302752294;"HPA:0381201";"HPA";"placenta; hofbauer cells[≥Low]";10976;502;"Down"
"2481";"query_1";TRUE;0,00792178780220321;232;760;34;0,0447368421052632;0,146551724137931;"HPA:0031293";"HPA";"appendix; endocrine cells[High]";10976;25;"Down"
"2482";"query_1";TRUE;0,00808186402215187;1028;384;61;0,158854166666667;0,0593385214007782;"HPA:0630223";"HPA";"cervix; squamous epithelial cells[High]";10976;207;"Down"
"2483";"query_1";TRUE;0,00809297974110192;442;83;13;0,156626506024096;0,0294117647058824;"HPA:0481302";"HPA";"small intestine; enterocytes[≥Medium]";10976;705;"Down"
"2484";"query_1";TRUE;0,00919762566577876;3966;540;240;0,444444444444444;0,0605143721633888;"HPA:0310442";"HPA";"lymph node; non-germinal center cells[≥Medium]";10976;439;"Down"
"2485";"query_1";TRUE;0,00954182476746866;246;691;33;0,0477568740955137;0,134146341463415;"HPA:0481303";"HPA";"small intestine; enterocytes[High]";10976;706;"Down"
"2486";"query_1";TRUE;0,00971264724005182;573;116;18;0,155172413793103;0,031413612565445;"HPA:0481301";"HPA";"small intestine; enterocytes[≥Low]";10976;704;"Down"
"2487";"query_1";TRUE;0,0100263091134305;428;327;29;0,0886850152905199;0,0677570093457944;"HPA:0151302";"HPA";"duodenum; enterocytes[≥Medium]";10976;261;"Down"
"2488";"query_1";TRUE;0,0104242709480557;245;320;20;0,0625;0,0816326530612245;"HPA:0461421";"HPA";"skin 1; eccrine glands[≥Low]";10976;615;"Down"
"2489";"query_1";TRUE;0,0108912845209664;412;700;48;0,0685714285714286;0,116504854368932;"HPA:0400891";"HPA";"rectum; goblet cells[≥Low]";10976;540;"Down"
"2490";"query_1";TRUE;0,010975545389007;213;700;30;0,0428571428571429;0,140845070422535;"HPA:0400893";"HPA";"rectum; goblet cells[High]";10976;542;"Down"
"2491";"query_1";TRUE;0,011571422603908;129;727;22;0,0302613480055021;0,170542635658915;"HPA:0471493";"HPA";"skin 2; vascular mural cells[High]";10976;699;"Down"
"2492";"query_1";TRUE;0,0137261584696453;155;698;24;0,0343839541547278;0,154838709677419;"HPA:0131333";"HPA";"colon; mucosal lymphoid cells[High]";10976;239;"Down"
"2493";"query_1";TRUE;0,0137484687984586;2819;213;81;0,380281690140845;0,0287335934728627;"HPA:0570811";"HPA";"testis; spermatogonia cells[≥Low]";10976;803;"Down"
"2494";"query_1";TRUE;0,0139459007344078;423;767;52;0,0677966101694915;0,122931442080378;"HPA:0031291";"HPA";"appendix; endocrine cells[≥Low]";10976;23;"Down"
"2495";"query_1";TRUE;0,0143373364673869;544;290;31;0,106896551724138;0,0569852941176471;"HPA:0401331";"HPA";"rectum; mucosal lymphoid cells[≥Low]";10976;543;"Down"
"2496";"query_1";TRUE;0,0153608659444554;4317;335;167;0,498507462686567;0,0386842714848274;"HPA:0530721";"HPA";"spleen; cells in white pulp[≥Low]";10976;754;"Down"
"2497";"query_1";TRUE;0,0154189686632692;540;83;14;0,168674698795181;0,0259259259259259;"HPA:0151301";"HPA";"duodenum; enterocytes[≥Low]";10976;260;"Down"
"2498";"query_1";TRUE;0,0166156039721015;1953;581;140;0,240963855421687;0,0716845878136201;"HPA:0291162";"HPA";"liver; cholangiocytes[≥Medium]";10976;413;"Down"
"2499";"query_1";TRUE;0,0176801585977852;456;886;61;0,0688487584650113;0,133771929824561;"HPA:0401291";"HPA";"rectum; endocrine cells[≥Low]";10976;519;"Down"
"2500";"query_1";TRUE;0,0177150752170643;165;142;10;0,0704225352112676;0,0606060606060606;"HPA:0461482";"HPA";"skin 1; sebaceous glands[≥Medium]";10976;646;"Down"
"2501";"query_1";TRUE;0,0228783773972667;978;736;96;0,130434782608696;0,098159509202454;"HPA:0460673";"HPA";"skin 1; melanocytes[High]";10976;644;"Down"
"2502";"query_1";TRUE;0,0240785324864768;190;1202;39;0,0324459234608985;0,205263157894737;"HPA:0031303";"HPA";"appendix; enterocytes[High]";10976;28;"Down"
"2503";"query_1";TRUE;0,0252327660610765;1324;701;118;0,168330955777461;0,0891238670694864;"HPA:0170053";"HPA";"endometrium 2; glandular cells[High]";10976;294;"Down"
"2504";"query_1";TRUE;0,0276685111560234;546;384;37;0,0963541666666667;0,0677655677655678;"HPA:0250123";"HPA";"hippocampus; glial cells[High]";10976;359;"Down"
"2505";"query_1";TRUE;0,0288837453972698;812;559;66;0,118067978533095;0,0812807881773399;"HPA:0530713";"HPA";"spleen; cells in red pulp[High]";10976;753;"Down"
"2506";"query_1";TRUE;0,0304998481872204;335;1211;60;0,0495458298926507;0,17910447761194;"HPA:0380202";"HPA";"placenta; endothelial cells[≥Medium]";10976;500;"Down"
"2507";"query_1";TRUE;0,0312548594734571;206;767;30;0,0391134289439374;0,145631067961165;"HPA:0130893";"HPA";"colon; goblet cells[High]";10976;236;"Down"
"2508";"query_1";TRUE;0,0335704142878225;146;408;16;0,0392156862745098;0,10958904109589;"HPA:0090981";"HPA";"cerebellum; granular cells - nucleus[≥Low]";10976;143;"Down"
"2509";"query_1";TRUE;0,033668910153613;3119;716;248;0,346368715083799;0,0795126643154857;"HPA:0530712";"HPA";"spleen; cells in red pulp[≥Medium]";10976;752;"Down"
"2510";"query_1";TRUE;0,035933920720482;133;550;18;0,0327272727272727;0,135338345864662;"HPA:0471481";"HPA";"skin 2; sebaceous glands[≥Low]";10976;694;"Down"
"2511";"query_1";TRUE;0,036770808654985;663;650;63;0,0969230769230769;0,0950226244343891;"HPA:0570783";"HPA";"testis; preleptotene spermatocytes[High]";10976;796;"Down"
"2512";"query_1";TRUE;0,0383911917797406;415;116;14;0,120689655172414;0,0337349397590361;"HPA:0130891";"HPA";"colon; goblet cells[≥Low]";10976;234;"Down"
"2513";"query_1";TRUE;0,0406472993034357;1637;541;112;0,207024029574861;0,0684178375076359;"HPA:0190223";"HPA";"esophagus; squamous epithelial cells[High]";10976;302;"Down"
"2514";"query_1";TRUE;0,0425578388106538;2025;729;173;0,237311385459534;0,0854320987654321;"HPA:0610833";"HPA";"urinary bladder; urothelial cells[High]";10976;830;"Down"
"2515";"query_1";TRUE;0,0453125292848225;89;555;14;0,0252252252252252;0,157303370786517;"HPA:0461423";"HPA";"skin 1; eccrine glands[High]";10976;617;"Down"
"2516";"query_1";TRUE;0,0462298487270656;292;739;37;0,0500676589986468;0,126712328767123;"HPA:0481293";"HPA";"small intestine; endocrine cells[High]";10976;703;"Down"
"2517";"query_1";TRUE;0,0463298273627468;120;408;14;0,0343137254901961;0,116666666666667;"HPA:0091081";"HPA";"cerebellum; white matter cells - nucleus[≥Low]";10976;179;"Down"
"2518";"query_1";TRUE;1,62569276476585e-09;120;370;27;0,072972972972973;0,225;"KEGG:04110";"KEGG";"Cell cycle";7559;248;"Down"
"2519";"query_1";TRUE;6,14642950119126e-06;152;51;10;0,196078431372549;0,0657894736842105;"KEGG:04218";"KEGG";"Cellular senescence";7559;278;"Down"
"2520";"query_1";TRUE;0,000451602147430026;97;73;8;0,10958904109589;0,0824742268041237;"KEGG:04914";"KEGG";"Progesterone-mediated oocyte maturation";7559;353;"Down"
"2521";"query_1";TRUE;0,00836084777388662;35;406;9;0,0221674876847291;0,257142857142857;"KEGG:03030";"KEGG";"DNA replication";7559;212;"Down"
"2522";"query_1";TRUE;0,0208036821880339;72;12;3;0,25;0,0416666666666667;"KEGG:04115";"KEGG";"p53 signaling pathway";7559;253;"Down"
"2523";"query_1";TRUE;0,0211128210818166;159;165;12;0,0727272727272727;0,0754716981132075;"KEGG:05161";"KEGG";"Hepatitis B";7559;424;"Down"
"2524";"query_1";TRUE;0,0212401016772553;73;165;8;0,0484848484848485;0,10958904109589;"KEGG:05220";"KEGG";"Chronic myeloid leukemia";7559;453;"Down"
"2525";"query_1";TRUE;0,0429263462606973;70;37;4;0,108108108108108;0,0571428571428571;"KEGG:01524";"KEGG";"Platinum drug resistance";7559;196;"Down"
"2526";"query_1";TRUE;0,0487756543851473;191;479;25;0,0521920668058455;0,130890052356021;"KEGG:05169";"KEGG";"Epstein-Barr virus infection";7559;432;"Down"
"2527";"query_1";TRUE;2,56384637700516e-14;779;199;47;0,236180904522613;0,0603337612323492;"MIRNA:hsa-miR-193b-3p";"MIRNA";"hsa-miR-193b-3p";13650;345;"Down"
"2528";"query_1";TRUE;1,1034539210451e-10;707;978;106;0,10838445807771;0,14992927864215;"MIRNA:hsa-miR-215-5p";"MIRNA";"hsa-miR-215-5p";13650;418;"Down"
"2529";"query_1";TRUE;1,21293165257886e-10;926;978;128;0,130879345603272;0,138228941684665;"MIRNA:hsa-miR-192-5p";"MIRNA";"hsa-miR-192-5p";13650;342;"Down"
"2530";"query_1";TRUE;8,16012522130503e-09;1294;831;139;0,167268351383875;0,10741885625966;"MIRNA:hsa-miR-92a-3p";"MIRNA";"hsa-miR-92a-3p";13650;2570;"Down"
"2531";"query_1";TRUE;9,17040293280491e-09;685;666;76;0,114114114114114;0,110948905109489;"MIRNA:hsa-miR-34a-5p";"MIRNA";"hsa-miR-34a-5p";13650;693;"Down"
"2532";"query_1";TRUE;1,93268209657148e-07;676;1170;107;0,0914529914529914;0,158284023668639;"MIRNA:hsa-miR-30a-5p";"MIRNA";"hsa-miR-30a-5p";13650;514;"Down"
"2533";"query_1";TRUE;4,55872289674408e-07;787;851;94;0,110458284371328;0,119440914866582;"MIRNA:hsa-miR-24-3p";"MIRNA";"hsa-miR-24-3p";13650;457;"Down"
"2534";"query_1";TRUE;4,62894389247676e-06;840;1208;124;0,102649006622517;0,147619047619048;"MIRNA:hsa-miR-1-3p";"MIRNA";"hsa-miR-1-3p";13650;21;"Down"
"2535";"query_1";TRUE;6,1678589316023e-06;850;1111;117;0,105310531053105;0,137647058823529;"MIRNA:hsa-miR-155-5p";"MIRNA";"hsa-miR-155-5p";13650;281;"Down"
"2536";"query_1";TRUE;7,08664576171803e-06;819;549;68;0,123861566484517;0,083028083028083;"MIRNA:hsa-miR-615-3p";"MIRNA";"hsa-miR-615-3p";13650;1920;"Down"
"2537";"query_1";TRUE;9,53249953205246e-06;1123;1088;142;0,130514705882353;0,126447016918967;"MIRNA:hsa-let-7b-5p";"MIRNA";"hsa-let-7b-5p";13650;6;"Down"
"2538";"query_1";TRUE;2,57788061485904e-05;87;340;14;0,0411764705882353;0,160919540229885;"MIRNA:hsa-miR-92a-1-5p";"MIRNA";"hsa-miR-92a-1-5p";13650;2568;"Down"
"2539";"query_1";TRUE;3,05696141327711e-05;1736;491;105;0,213849287169043;0,0604838709677419;"MIRNA:hsa-miR-26b-5p";"MIRNA";"hsa-miR-26b-5p";13650;470;"Down"
"2540";"query_1";TRUE;4,00731499930216e-05;572;572;53;0,0926573426573427;0,0926573426573427;"MIRNA:hsa-miR-21-5p";"MIRNA";"hsa-miR-21-5p";13650;399;"Down"
"2541";"query_1";TRUE;4,04833580346437e-05;709;1152;102;0,0885416666666667;0,143864598025388;"MIRNA:hsa-miR-98-5p";"MIRNA";"hsa-miR-98-5p";13650;2596;"Down"
"2542";"query_1";TRUE;5,57281506224857e-05;180;361;20;0,0554016620498615;0,111111111111111;"MIRNA:hsa-miR-1301-3p";"MIRNA";"hsa-miR-1301-3p";13650;196;"Down"
"2543";"query_1";TRUE;8,92939894243697e-05;278;336;24;0,0714285714285714;0,0863309352517986;"MIRNA:hsa-miR-196a-5p";"MIRNA";"hsa-miR-196a-5p";13650;352;"Down"
"2544";"query_1";TRUE;0,000268625506853903;1429;1062;162;0,152542372881356;0,113365990202939;"MIRNA:hsa-miR-16-5p";"MIRNA";"hsa-miR-16-5p";13650;289;"Down"
"2545";"query_1";TRUE;0,000381512009831644;481;1167;74;0,0634104541559554;0,153846153846154;"MIRNA:hsa-miR-30c-5p";"MIRNA";"hsa-miR-30c-5p";13650;519;"Down"
"2546";"query_1";TRUE;0,000782909953465611;542;423;39;0,0921985815602837;0,0719557195571956;"MIRNA:hsa-miR-320a";"MIRNA";"hsa-miR-320a";13650;652;"Down"
"2547";"query_1";TRUE;0,000876031228309793;467;773;53;0,0685640362225097;0,113490364025696;"MIRNA:hsa-miR-25-3p";"MIRNA";"hsa-miR-25-3p";13650;460;"Down"
"2548";"query_1";TRUE;0,000920363351951586;232;666;30;0,045045045045045;0,129310344827586;"MIRNA:hsa-miR-503-5p";"MIRNA";"hsa-miR-503-5p";13650;1527;"Down"
"2549";"query_1";TRUE;0,00143772047962522;1329;939;135;0,143769968051118;0,101580135440181;"MIRNA:hsa-miR-124-3p";"MIRNA";"hsa-miR-124-3p";13650;90;"Down"
"2550";"query_1";TRUE;0,00163912684965606;147;278;14;0,0503597122302158;0,0952380952380952;"MIRNA:hsa-miR-200a-3p";"MIRNA";"hsa-miR-200a-3p";13650;370;"Down"
"2551";"query_1";TRUE;0,00334550256593738;823;593;64;0,107925801011804;0,0777642770352369;"MIRNA:hsa-miR-484";"MIRNA";"hsa-miR-484";13650;1462;"Down"
"2552";"query_1";TRUE;0,00342190789778035;367;1201;59;0,0491257285595337;0,160762942779292;"MIRNA:hsa-miR-222-3p";"MIRNA";"hsa-miR-222-3p";13650;436;"Down"
"2553";"query_1";TRUE;0,00428107722685684;238;73;9;0,123287671232877;0,0378151260504202;"MIRNA:hsa-miR-3662";"MIRNA";"hsa-miR-3662";13650;757;"Down"
"2554";"query_1";TRUE;0,00532000436387658;434;487;35;0,0718685831622177;0,0806451612903226;"MIRNA:hsa-miR-26a-5p";"MIRNA";"hsa-miR-26a-5p";13650;468;"Down"
"2555";"query_1";TRUE;0,00643512067148052;53;350;9;0,0257142857142857;0,169811320754717;"MIRNA:hsa-miR-96-3p";"MIRNA";"hsa-miR-96-3p";13650;2593;"Down"
"2556";"query_1";TRUE;0,00740099331383676;560;728;55;0,0755494505494505;0,0982142857142857;"MIRNA:hsa-miR-877-3p";"MIRNA";"hsa-miR-877-3p";13650;2543;"Down"
"2557";"query_1";TRUE;0,00929698403748919;109;220;10;0,0454545454545455;0,0917431192660551;"MIRNA:hsa-miR-4742-3p";"MIRNA";"hsa-miR-4742-3p";13650;1356;"Down"
"2558";"query_1";TRUE;0,0102462724426681;108;934;21;0,0224839400428266;0,194444444444444;"MIRNA:hsa-miR-1296-5p";"MIRNA";"hsa-miR-1296-5p";13650;191;"Down"
"2559";"query_1";TRUE;0,0117634191154149;194;596;23;0,0385906040268456;0,118556701030928;"MIRNA:hsa-miR-1229-3p";"MIRNA";"hsa-miR-1229-3p";13650;78;"Down"
"2560";"query_1";TRUE;0,0135538548026802;316;341;22;0,0645161290322581;0,069620253164557;"MIRNA:hsa-miR-3163";"MIRNA";"hsa-miR-3163";13650;598;"Down"
"2561";"query_1";TRUE;0,0146609877507157;127;1146;26;0,0226876090750436;0,204724409448819;"MIRNA:hsa-miR-494-3p";"MIRNA";"hsa-miR-494-3p";13650;1482;"Down"
"2562";"query_1";TRUE;0,0168180731057554;690;420;42;0,1;0,0608695652173913;"MIRNA:hsa-miR-186-5p";"MIRNA";"hsa-miR-186-5p";13650;313;"Down"
"2563";"query_1";TRUE;0,0173999694241099;212;301;16;0,053156146179402;0,0754716981132075;"MIRNA:hsa-miR-877-5p";"MIRNA";"hsa-miR-877-5p";13650;2544;"Down"
"2564";"query_1";TRUE;0,0195564888682561;783;906;82;0,0905077262693157;0,104725415070243;"MIRNA:hsa-miR-218-5p";"MIRNA";"hsa-miR-218-5p";13650;426;"Down"
"2565";"query_1";TRUE;0,0212875454379026;107;22;4;0,181818181818182;0,0373831775700935;"MIRNA:hsa-miR-3529-3p";"MIRNA";"hsa-miR-3529-3p";13650;698;"Down"
"2566";"query_1";TRUE;0,0238597592649209;339;959;45;0,0469238790406674;0,132743362831858;"MIRNA:hsa-miR-30d-5p";"MIRNA";"hsa-miR-30d-5p";13650;521;"Down"
"2567";"query_1";TRUE;0,025654732314587;234;901;33;0,0366259711431743;0,141025641025641;"MIRNA:hsa-miR-646";"MIRNA";"hsa-miR-646";13650;1963;"Down"
"2568";"query_1";TRUE;0,0285489885226463;342;37;7;0,189189189189189;0,0204678362573099;"MIRNA:hsa-miR-185-5p";"MIRNA";"hsa-miR-185-5p";13650;311;"Down"
"2569";"query_1";TRUE;0,0288015640807992;116;340;12;0,0352941176470588;0,103448275862069;"MIRNA:hsa-miR-6804-5p";"MIRNA";"hsa-miR-6804-5p";13650;2218;"Down"
"2570";"query_1";TRUE;0,0322342320439113;77;290;9;0,0310344827586207;0,116883116883117;"MIRNA:hsa-miR-4297";"MIRNA";"hsa-miR-4297";13650;976;"Down"
"2571";"query_1";TRUE;0,0333222523449898;88;616;14;0,0227272727272727;0,159090909090909;"MIRNA:hsa-miR-5683";"MIRNA";"hsa-miR-5683";13650;1797;"Down"
"2572";"query_1";TRUE;0,0354326804394752;107;573;15;0,0261780104712042;0,14018691588785;"MIRNA:hsa-miR-6747-5p";"MIRNA";"hsa-miR-6747-5p";13650;2096;"Down"
"2573";"query_1";TRUE;0,035769835134577;78;290;9;0,0310344827586207;0,115384615384615;"MIRNA:hsa-miR-5581-5p";"MIRNA";"hsa-miR-5581-5p";13650;1763;"Down"
"2574";"query_1";TRUE;0,0373621972930317;83;576;13;0,0225694444444444;0,156626506024096;"MIRNA:hsa-miR-6090";"MIRNA";"hsa-miR-6090";13650;1903;"Down"
"2575";"query_1";TRUE;0,0376403057350418;398;1090;55;0,0504587155963303;0,138190954773869;"MIRNA:hsa-miR-125b-5p";"MIRNA";"hsa-miR-125b-5p";13650;121;"Down"
"2576";"query_1";TRUE;0,0379205717907752;363;666;36;0,0540540540540541;0,0991735537190083;"MIRNA:hsa-miR-142-3p";"MIRNA";"hsa-miR-142-3p";13650;240;"Down"
"2577";"query_1";TRUE;0,0379729968722086;709;880;73;0,0829545454545455;0,10296191819464;"MIRNA:hsa-miR-15b-5p";"MIRNA";"hsa-miR-15b-5p";13650;286;"Down"
"2578";"query_1";TRUE;0,0382366163112655;223;1097;36;0,03281677301732;0,161434977578475;"MIRNA:hsa-miR-145-5p";"MIRNA";"hsa-miR-145-5p";13650;247;"Down"
"2579";"query_1";TRUE;0,0412612308973153;58;93;5;0,0537634408602151;0,0862068965517241;"MIRNA:hsa-miR-3134";"MIRNA";"hsa-miR-3134";13650;553;"Down"
"2580";"query_1";TRUE;0,045302994456413;252;936;35;0,0373931623931624;0,138888888888889;"MIRNA:hsa-miR-29a-3p";"MIRNA";"hsa-miR-29a-3p";13650;485;"Down"
"2581";"query_1";TRUE;0,046456815018893;432;794;46;0,0579345088161209;0,106481481481481;"MIRNA:hsa-miR-497-5p";"MIRNA";"hsa-miR-497-5p";13650;1488;"Down"
"2582";"query_1";TRUE;1,53702064458128e-18;548;438;75;0,171232876712329;0,136861313868613;"REAC:R-HSA-69278";"REAC";"Cell Cycle, Mitotic";10770;310;"Down"
"2583";"query_1";TRUE;1,82660287239486e-16;678;438;81;0,184931506849315;0,119469026548673;"REAC:R-HSA-1640170";"REAC";"Cell Cycle";10770;308;"Down"
"2584";"query_1";TRUE;1,05219046454699e-11;147;499;33;0,0661322645290581;0,224489795918367;"REAC:R-HSA-453279";"REAC";"Mitotic G1 phase and G1/S transition";10770;1390;"Down"
"2585";"query_1";TRUE;1,1350481929772e-11;130;499;31;0,062124248496994;0,238461538461538;"REAC:R-HSA-69206";"REAC";"G1/S Transition";10770;942;"Down"
"2586";"query_1";TRUE;1,95922828836855e-09;161;420;29;0,0690476190476191;0,180124223602484;"REAC:R-HSA-69242";"REAC";"S Phase";10770;1968;"Down"
"2587";"query_1";TRUE;1,76770487431356e-08;290;437;39;0,0892448512585812;0,13448275862069;"REAC:R-HSA-69620";"REAC";"Cell Cycle Checkpoints";10770;309;"Down"
"2588";"query_1";TRUE;2,42436802692121e-08;229;563;39;0,0692717584369449;0,170305676855895;"REAC:R-HSA-2555396";"REAC";"Mitotic Metaphase and Anaphase";10770;1392;"Down"
"2589";"query_1";TRUE;8,36447232535751e-08;228;563;38;0,0674955595026643;0,166666666666667;"REAC:R-HSA-68882";"REAC";"Mitotic Anaphase";10770;1389;"Down"
"2590";"query_1";TRUE;1,53034522146663e-07;176;685;36;0,0525547445255474;0,204545454545455;"REAC:R-HSA-2990846";"REAC";"SUMOylation";10770;2018;"Down"
"2591";"query_1";TRUE;8,97742822891658e-07;170;685;34;0,0496350364963504;0,2;"REAC:R-HSA-3108232";"REAC";"SUMO E3 ligases SUMOylate target proteins";10770;2014;"Down"
"2592";"query_1";TRUE;4,14219214071803e-06;407;607;53;0,0873146622734761;0,13022113022113;"REAC:R-HSA-68886";"REAC";"M Phase";10770;1268;"Down"
"2593";"query_1";TRUE;4,14923284730904e-06;11;176;6;0,0340909090909091;0,545454545454545;"REAC:R-HSA-2514853";"REAC";"Condensation of Prometaphase Chromosomes";10770;371;"Down"
"2594";"query_1";TRUE;6,91350092620923e-06;25;73;6;0,0821917808219178;0,24;"REAC:R-HSA-69273";"REAC";"Cyclin A/B1/B2 associated events during G2/M transition";10770;396;"Down"
"2595";"query_1";TRUE;8,67506935195205e-06;128;495;23;0,0464646464646465;0,1796875;"REAC:R-HSA-69306";"REAC";"DNA Replication";10770;423;"Down"
"2596";"query_1";TRUE;1,22040795037078e-05;120;495;22;0,0444444444444444;0,183333333333333;"REAC:R-HSA-69239";"REAC";"Synthesis of DNA";10770;2217;"Down"
"2597";"query_1";TRUE;3,0593774019883e-05;123;646;25;0,0386996904024768;0,203252032520325;"REAC:R-HSA-2500257";"REAC";"Resolution of Sister Chromatid Cohesion";10770;1942;"Down"
"2598";"query_1";TRUE;3,20085844858178e-05;18;370;8;0,0216216216216216;0,444444444444444;"REAC:R-HSA-6804114";"REAC";"TP53 Regulates Transcription of Genes Involved in G2 Cell Cycle Arrest";10770;2297;"Down"
"2599";"query_1";TRUE;3,56209483398744e-05;199;607;32;0,0527182866556837;0,160804020100503;"REAC:R-HSA-68877";"REAC";"Mitotic Prometaphase";10770;1394;"Down"
"2600";"query_1";TRUE;7,14416188551048e-05;188;918;39;0,042483660130719;0,207446808510638;"REAC:R-HSA-2467813";"REAC";"Separation of Sister Chromatids";10770;2054;"Down"
"2601";"query_1";TRUE;8,74136640967628e-05;32;406;10;0,0246305418719212;0,3125;"REAC:R-HSA-69190";"REAC";"DNA strand elongation";10770;427;"Down"
"2602";"query_1";TRUE;0,000104355277531231;88;918;24;0,0261437908496732;0,272727272727273;"REAC:R-HSA-453276";"REAC";"Regulation of mitotic cell cycle";10770;1909;"Down"
"2603";"query_1";TRUE;0,000104355277531231;88;918;24;0,0261437908496732;0,272727272727273;"REAC:R-HSA-174143";"REAC";"APC/C-mediated degradation of cell cycle proteins";10770;21;"Down"
"2604";"query_1";TRUE;0,000141729134946063;12;284;6;0,0211267605633803;0,5;"REAC:R-HSA-176974";"REAC";"Unwinding of DNA";10770;2457;"Down"
"2605";"query_1";TRUE;0,000171998707732328;5;35;3;0,0857142857142857;0,6;"REAC:R-HSA-69478";"REAC";"G2/M DNA replication checkpoint";10770;947;"Down"
"2606";"query_1";TRUE;0,000208248251872241;195;146;14;0,0958904109589041;0,0717948717948718;"REAC:R-HSA-69275";"REAC";"G2/M Transition";10770;948;"Down"
"2607";"query_1";TRUE;0,000235898246262517;197;146;14;0,0958904109589041;0,0710659898477157;"REAC:R-HSA-453274";"REAC";"Mitotic G2-G2/M phases";10770;1391;"Down"
"2608";"query_1";TRUE;0,000250691316781416;43;728;14;0,0192307692307692;0,325581395348837;"REAC:R-HSA-4615885";"REAC";"SUMOylation of DNA replication proteins";10770;2021;"Down"
"2609";"query_1";TRUE;0,000334253787111631;26;29;4;0,137931034482759;0,153846153846154;"REAC:R-HSA-1538133";"REAC";"G0 and Early G1";10770;939;"Down"
"2610";"query_1";TRUE;0,000335742592959902;49;370;11;0,0297297297297297;0,224489795918367;"REAC:R-HSA-6791312";"REAC";"TP53 Regulates Transcription of Cell Cycle Genes";10770;2291;"Down"
"2611";"query_1";TRUE;0,00041590745516682;109;563;20;0,0355239786856128;0,18348623853211;"REAC:R-HSA-69618";"REAC";"Mitotic Spindle Checkpoint";10770;1396;"Down"
"2612";"query_1";TRUE;0,00043811535772789;16;126;5;0,0396825396825397;0,3125;"REAC:R-HSA-2995383";"REAC";"Initiation of Nuclear Envelope (NE) Reformation";10770;1132;"Down"
"2613";"query_1";TRUE;0,00050624634653713;237;1129;50;0,0442869796279894;0,210970464135021;"REAC:R-HSA-72203";"REAC";"Processing of Capped Intron-Containing Pre-mRNA";10770;1691;"Down"
"2614";"query_1";TRUE;0,000559250538215789;92;563;18;0,0319715808170515;0,195652173913043;"REAC:R-HSA-141444";"REAC";"Amplification  of signal from unattached  kinetochores via a MAD2  inhibitory signal";10770;137;"Down"
"2615";"query_1";TRUE;0,000559250538215789;92;563;18;0,0319715808170515;0,195652173913043;"REAC:R-HSA-141424";"REAC";"Amplification of signal from the kinetochores";10770;138;"Down"
"2616";"query_1";TRUE;0,000599315232951407;7;35;3;0,0857142857142857;0,428571428571429;"REAC:R-HSA-2980767";"REAC";"Activation of NIMA Kinases NEK9, NEK6, NEK7";10770;84;"Down"
"2617";"query_1";TRUE;0,000603566041018484;84;495;16;0,0323232323232323;0,19047619047619;"REAC:R-HSA-69656";"REAC";"Cyclin A:Cdk2-associated events at S phase entry";10770;397;"Down"
"2618";"query_1";TRUE;0,000604190894673596;77;918;21;0,0228758169934641;0,272727272727273;"REAC:R-HSA-176814";"REAC";"Activation of APC/C and APC/C:Cdc20 mediated degradation of mitotic proteins";10770;70;"Down"
"2619";"query_1";TRUE;0,000697481327962482;79;12;4;0,333333333333333;0,0506329113924051;"REAC:R-HSA-8852276";"REAC";"The role of GTSE1 in G2/M progression after G2 checkpoint";10770;2342;"Down"
"2620";"query_1";TRUE;0,000759756982088767;15;63;4;0,0634920634920635;0,266666666666667;"REAC:R-HSA-156711";"REAC";"Polo-like kinase mediated events";10770;1664;"Down"
"2621";"query_1";TRUE;0,00108768664329679;6;551;5;0,00907441016333938;0,833333333333333;"REAC:R-HSA-176417";"REAC";"Phosphorylation of Emi1";10770;1646;"Down"
"2622";"query_1";TRUE;0,00111591467333286;27;499;9;0,0180360721442886;0,333333333333333;"REAC:R-HSA-69205";"REAC";"G1/S-Specific Transcription";10770;943;"Down"
"2623";"query_1";TRUE;0,00147718155139255;81;551;16;0,029038112522686;0,197530864197531;"REAC:R-HSA-176408";"REAC";"Regulation of APC/C activators between G1/S and early anaphase";10770;1855;"Down"
"2624";"query_1";TRUE;0,00187483803159609;3;12;2;0,166666666666667;0,666666666666667;"REAC:R-HSA-170145";"REAC";"Phosphorylation of proteins involved in the G2/M transition by Cyclin A:Cdc2 complexes";10770;1648;"Down"
"2625";"query_1";TRUE;0,00199013682056199;76;918;20;0,0217864923747277;0,263157894736842;"REAC:R-HSA-176409";"REAC";"APC/C:Cdc20 mediated degradation of mitotic proteins";10770;24;"Down"
"2626";"query_1";TRUE;0,00215533664602222;168;435;21;0,0482758620689655;0,125;"REAC:R-HSA-69481";"REAC";"G2/M Checkpoints";10770;945;"Down"
"2627";"query_1";TRUE;0,00221942412378374;82;495;15;0,0303030303030303;0,182926829268293;"REAC:R-HSA-69202";"REAC";"Cyclin E associated events during G1/S transition ";10770;399;"Down"
"2628";"query_1";TRUE;0,00307146629155695;178;1129;39;0,0345438441098317;0,219101123595506;"REAC:R-HSA-72163";"REAC";"mRNA Splicing - Major Pathway";10770;2536;"Down"
"2629";"query_1";TRUE;0,00352698986226896;36;37;4;0,108108108108108;0,111111111111111;"REAC:R-HSA-6804757";"REAC";"Regulation of TP53 Degradation";10770;1886;"Down"
"2630";"query_1";TRUE;0,00394481486852955;37;37;4;0,108108108108108;0,108108108108108;"REAC:R-HSA-6806003";"REAC";"Regulation of TP53 Expression and Degradation";10770;1888;"Down"
"2631";"query_1";TRUE;0,00415403448328256;66;7;3;0,428571428571429;0,0454545454545455;"REAC:R-HSA-69580";"REAC";"p53-Dependent G1/S DNA damage checkpoint";10770;2547;"Down"
"2632";"query_1";TRUE;0,00415403448328256;66;7;3;0,428571428571429;0,0454545454545455;"REAC:R-HSA-69563";"REAC";"p53-Dependent G1 DNA Damage Response";10770;2546;"Down"
"2633";"query_1";TRUE;0,00454692275212962;68;7;3;0,428571428571429;0,0441176470588235;"REAC:R-HSA-69615";"REAC";"G1/S DNA Damage Checkpoints";10770;941;"Down"
"2634";"query_1";TRUE;0,00469392957219234;298;19;6;0,315789473684211;0,0201342281879195;"REAC:R-HSA-5688426";"REAC";"Deubiquitination";10770;701;"Down"
"2635";"query_1";TRUE;0,00483216016001906;13;35;3;0,0857142857142857;0,230769230769231;"REAC:R-HSA-162658";"REAC";"Golgi Cisternae Pericentriolar Stack Reorganization";10770;1018;"Down"
"2636";"query_1";TRUE;0,00541075597041524;78;635;16;0,0251968503937008;0,205128205128205;"REAC:R-HSA-1169410";"REAC";"Antiviral mechanism by IFN-stimulated genes";10770;151;"Down"
"2637";"query_1";TRUE;0,0074292265214233;80;7;3;0,428571428571429;0,0375;"REAC:R-HSA-2559586";"REAC";"DNA Damage/Telomere Stress Induced Senescence";10770;419;"Down"
"2638";"query_1";TRUE;0,00792148977105505;115;646;20;0,0309597523219814;0,173913043478261;"REAC:R-HSA-9648025";"REAC";"EML4 and NUDC in mitotic spindle formation";10770;778;"Down"
"2639";"query_1";TRUE;0,00795491508639988;60;495;12;0,0242424242424242;0,2;"REAC:R-HSA-187577";"REAC";"SCF(Skp2)-mediated degradation of p27/p21";10770;1981;"Down"
"2640";"query_1";TRUE;0,00833850200349165;91;495;15;0,0303030303030303;0,164835164835165;"REAC:R-HSA-69052";"REAC";"Switching of origins to a post-replicative state";10770;2206;"Down"
"2641";"query_1";TRUE;0,00915133878395643;186;1129;39;0,0345438441098317;0,209677419354839;"REAC:R-HSA-72172";"REAC";"mRNA Splicing";10770;2535;"Down"
"2642";"query_1";TRUE;0,0100920192043552;71;1102;20;0,0181488203266788;0,28169014084507;"REAC:R-HSA-159236";"REAC";"Transport of Mature mRNA derived from an Intron-Containing Transcript";10770;2419;"Down"
"2643";"query_1";TRUE;0,0102352688231798;73;24;4;0,166666666666667;0,0547945205479452;"REAC:R-HSA-174184";"REAC";"Cdc20:Phospho-APC/C mediated degradation of Cyclin A";10770;307;"Down"
"2644";"query_1";TRUE;0,0108040450479828;74;24;4;0,166666666666667;0,0540540540540541;"REAC:R-HSA-179419";"REAC";"APC:Cdc20 mediated degradation of cell cycle proteins prior to satisfation of the cell cycle checkpoint";10770;26;"Down"
"2645";"query_1";TRUE;0,011204975511487;85;479;14;0,0292275574112735;0,164705882352941;"REAC:R-HSA-69002";"REAC";"DNA Replication Pre-Initiation";10770;424;"Down"
"2646";"query_1";TRUE;0,0133141937445259;24;78;4;0,0512820512820513;0,166666666666667;"REAC:R-HSA-9734009";"REAC";"Defective Intrinsic Pathway for Apoptosis";10770;552;"Down"
"2647";"query_1";TRUE;0,0140122523095859;33;296;7;0,0236486486486486;0,212121212121212;"REAC:R-HSA-68962";"REAC";"Activation of the pre-replicative complex";10770;103;"Down"
"2648";"query_1";TRUE;0,015830322737842;47;375;9;0,024;0,191489361702128;"REAC:R-HSA-2980766";"REAC";"Nuclear Envelope Breakdown";10770;1513;"Down"
"2649";"query_1";TRUE;0,0169954919874662;16;6;2;0,333333333333333;0,125;"REAC:R-HSA-2559584";"REAC";"Formation of Senescence-Associated Heterochromatin Foci (SAHF)";10770;901;"Down"
"2650";"query_1";TRUE;0,017566590501932;221;19;5;0,263157894736842;0,0226244343891403;"REAC:R-HSA-5689880";"REAC";"Ub-specific processing proteases";10770;2449;"Down"
"2651";"query_1";TRUE;0,0180390811424655;14;7;2;0,285714285714286;0,142857142857143;"REAC:R-HSA-6804116";"REAC";"TP53 Regulates Transcription of Genes Involved in G1 Cell Cycle Arrest";10770;2296;"Down"
"2652";"query_1";TRUE;0,0182891455311252;176;515;22;0,0427184466019417;0,125;"REAC:R-HSA-109581";"REAC";"Apoptosis";10770;152;"Down"
"2653";"query_1";TRUE;0,0189628161765478;20;35;3;0,0857142857142857;0,15;"REAC:R-HSA-176412";"REAC";"Phosphorylation of the APC/C";10770;1649;"Down"
"2654";"query_1";TRUE;0,020964626797755;13;607;6;0,00988467874794069;0,461538461538462;"REAC:R-HSA-68884";"REAC";"Mitotic Telophase/Cytokinesis";10770;1397;"Down"
"2655";"query_1";TRUE;0,0228426465833343;33;728;10;0,0137362637362637;0,303030303030303;"REAC:R-HSA-3301854";"REAC";"Nuclear Pore Complex (NPC) Disassembly";10770;1515;"Down"
"2656";"query_1";TRUE;0,0240611348308603;205;515;24;0,0466019417475728;0,117073170731707;"REAC:R-HSA-5357801";"REAC";"Programmed Cell Death";10770;1698;"Down"
"2657";"query_1";TRUE;0,0265272825724216;32;767;10;0,0130378096479791;0,3125;"REAC:R-HSA-165054";"REAC";"Rev-mediated nuclear export of HIV RNA";10770;1956;"Down"
"2658";"query_1";TRUE;0,0333685533615946;24;35;3;0,0857142857142857;0,125;"REAC:R-HSA-174048";"REAC";"APC/C:Cdc20 mediated degradation of Cyclin B";10770;22;"Down"
"2659";"query_1";TRUE;0,0335594088013018;65;1102;18;0,0163339382940109;0,276923076923077;"REAC:R-HSA-73856";"REAC";"RNA Polymerase II Transcription Termination";10770;1788;"Down"
"2660";"query_1";TRUE;0,0375738608409006;52;3;2;0,666666666666667;0,0384615384615385;"REAC:R-HSA-349425";"REAC";"Autodegradation of the E3 ubiquitin ligase COP1";10770;184;"Down"
"2661";"query_1";TRUE;0,0434454506753303;60;80;5;0,0625;0,0833333333333333;"REAC:R-HSA-983189";"REAC";"Kinesins";10770;1221;"Down"
"2662";"query_1";TRUE;0,0451038079010485;29;728;9;0,0123626373626374;0,310344827586207;"REAC:R-HSA-168333";"REAC";"NEP/NS2 Interacts with the Cellular Export Machinery";10770;1423;"Down"
"2663";"query_1";TRUE;0,0452106038080455;57;3;2;0,666666666666667;0,0350877192982456;"REAC:R-HSA-69541";"REAC";"Stabilization of p53";10770;2193;"Down"
"2664";"query_1";TRUE;0,0459361342742003;71;495;12;0,0242424242424242;0,169014084507042;"REAC:R-HSA-68949";"REAC";"Orc1 removal from chromatin";10770;1542;"Down"
"2665";"query_1";TRUE;0,046808962288199;329;603;36;0,0597014925373134;0,109422492401216;"REAC:R-HSA-73894";"REAC";"DNA Repair";10770;422;"Down"
"2666";"query_1";TRUE;0,0473229721718136;34;767;10;0,0130378096479791;0,294117647058824;"REAC:R-HSA-177243";"REAC";"Interactions of Rev with host cellular proteins";10770;1152;"Down"
"2667";"query_1";TRUE;2,81360924403392e-21;10448;763;536;0,702490170380079;0,051301684532925;"TF:M00803_1";"TF";"Factor: E2F; motif: GGCGSG; match class: 1";19958;1547;"Down"
"2668";"query_1";TRUE;5,28432806019249e-21;12623;1002;780;0,778443113772455;0,0617919670442842;"TF:M11531_1";"TF";"Factor: E2F-2; motif: GCGCGCGCGYW; match class: 1";19958;1471;"Down"
"2669";"query_1";TRUE;5,94204497035705e-21;5559;914;395;0,432166301969365;0,0710559453139054;"TF:M07084_1";"TF";"Factor: E2F-4; motif: NGGCGGGAARN; match class: 1";19958;1507;"Down"
"2670";"query_1";TRUE;4,27197841563909e-20;13281;1218;964;0,791461412151067;0,0725848957156841;"TF:M07380";"TF";"Factor: E2F-4; motif: NTTTCSCGCC";19958;1514;"Down"
"2671";"query_1";TRUE;1,43243335666847e-19;10489;1218;805;0,660919540229885;0,0767470683573267;"TF:M04869_1";"TF";"Factor: Egr-1; motif: GCGCATGCG; match class: 1";19958;1607;"Down"
"2672";"query_1";TRUE;8,81376513656203e-19;12692;1009;781;0,774033696729435;0,0615348250866688;"TF:M00333_1";"TF";"Factor: ZF5; motif: NRNGNGCGCGCWN; match class: 1";19958;9225;"Down"
"2673";"query_1";TRUE;1,095428235073e-18;11108;1183;816;0,689771766694844;0,0734605689593086;"TF:M07206_1";"TF";"Factor: E2F-1; motif: NGGGCGGGARV; match class: 1";19958;1437;"Down"
"2674";"query_1";TRUE;2,32903070288045e-18;7112;909;462;0,508250825082508;0,0649606299212598;"TF:M12598_1";"TF";"Factor: E2F3; motif: NNRGMKGGAR; match class: 1";19958;1493;"Down"
"2675";"query_1";TRUE;2,46986750417975e-18;8181;1218;660;0,541871921182266;0,0806747341400807;"TF:M07380_1";"TF";"Factor: E2F-4; motif: NTTTCSCGCC; match class: 1";19958;1515;"Down"
"2676";"query_1";TRUE;2,77902038027154e-18;7966;1135;608;0,53568281938326;0,0763243786090886;"TF:M09895";"TF";"Factor: E2F-6; motif: NGGGCGGGARRNN";19958;1522;"Down"
"2677";"query_1";TRUE;3,89981631274223e-18;8025;836;470;0,562200956937799;0,0585669781931464;"TF:M04823_1";"TF";"Factor: E2F-4; motif: NNTTCCCGCCNN; match class: 1";19958;1505;"Down"
"2678";"query_1";TRUE;5,64500015795284e-18;10659;1215;807;0,664197530864198;0,0757106670419364;"TF:M00695";"TF";"Factor: ETF; motif: GVGGMGG";19958;2160;"Down"
"2679";"query_1";TRUE;1,06850979613763e-17;13475;738;610;0,826558265582656;0,0452690166975881;"TF:M00803";"TF";"Factor: E2F; motif: GGCGSG";19958;1546;"Down"
"2680";"query_1";TRUE;3,35159456608904e-17;10596;1218;802;0,658456486042693;0,0756889392223481;"TF:M00736";"TF";"Factor: E2F-1:DP-1; motif: TTTCSCGC";19958;1422;"Down"
"2681";"query_1";TRUE;4,53985932956405e-17;10964;1218;823;0,675697865353038;0,07506384531193;"TF:M07250";"TF";"Factor: E2F-1; motif: NNNSSCGCSAANN";19958;1450;"Down"
"2682";"query_1";TRUE;5,44511559168439e-17;14426;1218;1014;0,832512315270936;0,0702897546097324;"TF:M00716_1";"TF";"Factor: ZF5; motif: GSGCGCGR; match class: 1";19958;9213;"Down"
"2683";"query_1";TRUE;8,80944377713053e-17;13570;581;491;0,845094664371773;0,0361827560795873;"TF:M11531";"TF";"Factor: E2F-2; motif: GCGCGCGCGYW";19958;1470;"Down"
"2684";"query_1";TRUE;1,47282473790711e-16;10102;837;552;0,659498207885305;0,054642645020788;"TF:M12597_1";"TF";"Factor: E2F1; motif: GSGCGGGAAN; match class: 1";19958;1443;"Down"
"2685";"query_1";TRUE;1,59226972746348e-16;5973;1218;510;0,41871921182266;0,0853842290306379;"TF:M00426_1";"TF";"Factor: E2F; motif: TTTSGCGS; match class: 1";19958;1553;"Down"
"2686";"query_1";TRUE;1,77945060716656e-16;9395;1086;657;0,604972375690608;0,0699308142629058;"TF:M09892_1";"TF";"Factor: E2F-1; motif: NNNNGGCGGGAARN; match class: 1";19958;1439;"Down"
"2687";"query_1";TRUE;2,51816474137232e-16;15193;564;512;0,907801418439716;0,0336997301388797;"TF:M10438_1";"TF";"Factor: ZF5; motif: GGSGCGCGS; match class: 1";19958;9217;"Down"
"2688";"query_1";TRUE;3,92734933775742e-16;4633;933;336;0,360128617363344;0,0725232031081373;"TF:M09896_1";"TF";"Factor: E2F-7; motif: GRGGCGGGAANNN; match class: 1";19958;1529;"Down"
"2689";"query_1";TRUE;4,60899847858248e-16;11501;1218;850;0,697865353037767;0,0739066168159291;"TF:M04869";"TF";"Factor: Egr-1; motif: GCGCATGCG";19958;1606;"Down"
"2690";"query_1";TRUE;1,6122950822288e-15;5646;1218;484;0,397372742200328;0,085724406659582;"TF:M07250_1";"TF";"Factor: E2F-1; motif: NNNSSCGCSAANN; match class: 1";19958;1451;"Down"
"2691";"query_1";TRUE;4,11372331321126e-15;10175;1198;757;0,631886477462437;0,0743980343980344;"TF:M09896";"TF";"Factor: E2F-7; motif: GRGGCGGGAANNN";19958;1528;"Down"
"2692";"query_1";TRUE;1,09642238507564e-14;15295;600;541;0,901666666666667;0,0353710362863681;"TF:M08526_1";"TF";"Factor: E2F-3:HES-7; motif: NNNSGCGCSNNNNNCRCGYGNN; match class: 1";19958;1481;"Down"
"2693";"query_1";TRUE;1,40932298697812e-14;14243;1002;830;0,828343313373254;0,0582742399775328;"TF:M09894_1";"TF";"Factor: E2F-4; motif: SNGGGCGGGAANN; match class: 1";19958;1509;"Down"
"2694";"query_1";TRUE;1,6548759824682e-14;11084;1157;782;0,675885911840968;0,0705521472392638;"TF:M07084";"TF";"Factor: E2F-4; motif: NGGCGGGAARN";19958;1506;"Down"
"2695";"query_1";TRUE;2,28020685637279e-14;15372;581;526;0,905335628227194;0,0342180588082227;"TF:M00333";"TF";"Factor: ZF5; motif: NRNGNGCGCGCWN";19958;9224;"Down"
"2696";"query_1";TRUE;5,13078423920439e-14;6530;1202;530;0,440931780366057;0,0811638591117917;"TF:M02090_1";"TF";"Factor: E2F-4; motif: GCGGGAAANA; match class: 1";19958;1517;"Down"
"2697";"query_1";TRUE;5,72273084248329e-14;4697;1218;413;0,339080459770115;0,0879284649776453;"TF:M00740_1";"TF";"Factor: Rb:E2F-1:DP-1; motif: TTTSGCGC; match class: 1";19958;1421;"Down"
"2698";"query_1";TRUE;1,2339291118377e-13;7361;1218;588;0,482758620689655;0,0798804510256759;"TF:M08874";"TF";"Factor: E2F1; motif: NNNNNGCGSSAAAN";19958;1452;"Down"
"2699";"query_1";TRUE;1,44557686607907e-13;7985;916;489;0,533842794759825;0,0612398246712586;"TF:M00940";"TF";"Factor: E2F-1; motif: NTTTCGCGCS";19958;1456;"Down"
"2700";"query_1";TRUE;1,71756826987479e-13;2701;1218;268;0,220032840722496;0,0992225101814143;"TF:M00940_1";"TF";"Factor: E2F-1; motif: NTTTCGCGCS; match class: 1";19958;1457;"Down"
"2701";"query_1";TRUE;2,34355750754937e-13;4768;946;337;0,356236786469345;0,0706795302013423;"TF:M00736_1";"TF";"Factor: E2F-1:DP-1; motif: TTTCSCGC; match class: 1";19958;1423;"Down"
"2702";"query_1";TRUE;2,7553167599133e-13;3935;1218;357;0,293103448275862;0,0907242693773825;"TF:M00427_1";"TF";"Factor: E2F; motif: TTTSGCGS; match class: 1";19958;1561;"Down"
"2703";"query_1";TRUE;2,92513831011817e-13;7199;1177;559;0,474936278674596;0,077649673565773;"TF:M10098";"TF";"Factor: DP-1; motif: NRNNGGCGGGAANN";19958;8658;"Down"
"2704";"query_1";TRUE;2,96929350000836e-13;14790;967;821;0,849017580144778;0,0555104800540906;"TF:M11529_1";"TF";"Factor: E2F-2; motif: GCGCGCGCNCS; match class: 1";19958;1467;"Down"
"2705";"query_1";TRUE;3,14177898785521e-13;2218;917;186;0,202835332606325;0,0838593327321912;"TF:M10098_1";"TF";"Factor: DP-1; motif: NRNNGGCGGGAANN; match class: 1";19958;8659;"Down"
"2706";"query_1";TRUE;3,17729634155889e-13;13453;728;589;0,809065934065934;0,0437820560469784;"TF:M11603_1";"TF";"Factor: TCF-1; motif: ACATCGRGRCGCTGW; match class: 1";19958;8403;"Down"
"2707";"query_1";TRUE;5,49274048052867e-13;15082;358;330;0,921787709497207;0,0218803872165495;"TF:M11601";"TF";"Factor: TCF-1; motif: ACATCGRGRCGCTGW";19958;8398;"Down"
"2708";"query_1";TRUE;5,95496642848237e-13;14881;581;512;0,881239242685026;0,0344062898998723;"TF:M11530";"TF";"Factor: E2F-2; motif: NWTTTGGCGCCAWWNN";19958;1468;"Down"
"2709";"query_1";TRUE;6,15792305740013e-13;5498;1218;463;0,380131362889984;0,0842124408875955;"TF:M00425_1";"TF";"Factor: E2F; motif: TTTCGCGC; match class: 1";19958;1549;"Down"
"2710";"query_1";TRUE;1,23329976568637e-12;1769;1218;193;0,158456486042693;0,109101187111362;"TF:M08875_1";"TF";"Factor: E2F; motif: NNTTTCGCGCN; match class: 1";19958;1559;"Down"
"2711";"query_1";TRUE;1,41163305506732e-12;4090;1218;365;0,299671592775041;0,089242053789731;"TF:M00738_1";"TF";"Factor: E2F-4:DP-1; motif: TTTSGCGC; match class: 1";19958;1497;"Down"
"2712";"query_1";TRUE;1,55919729549246e-12;13024;1206;913;0,757048092868988;0,0701013513513514;"TF:M04823";"TF";"Factor: E2F-4; motif: NNTTCCCGCCNN";19958;1504;"Down"
"2713";"query_1";TRUE;1,71730468294533e-12;10674;885;589;0,665536723163842;0,0551808131909312;"TF:M08205_1";"TF";"Factor: E2F-1:Elk-1; motif: SGCGCSNNAMCGGAAGT; match class: 1";19958;1427;"Down"
"2714";"query_1";TRUE;2,87092136987326e-12;12203;1218;874;0,717569786535304;0,0716217323608949;"TF:M02090";"TF";"Factor: E2F-4; motif: GCGGGAAANA";19958;1516;"Down"
"2715";"query_1";TRUE;3,61381563952278e-12;14862;622;543;0,872990353697749;0,0365361324182479;"TF:M07206";"TF";"Factor: E2F-1; motif: NGGGCGGGARV";19958;1436;"Down"
"2716";"query_1";TRUE;3,9397022351182e-12;7075;442;238;0,538461538461538;0,0336395759717315;"TF:M00516";"TF";"Factor: E2F-1; motif: TTTSGCGCGMNR";19958;1544;"Down"
"2717";"query_1";TRUE;4,2960178274017e-12;13615;581;480;0,826161790017212;0,0352552331986779;"TF:M04515";"TF";"Factor: E2F-1; motif: WWTGGCGCCAAA";19958;1432;"Down"
"2718";"query_1";TRUE;4,58637787910415e-12;13814;1218;963;0,79064039408867;0,0697118864919647;"TF:M09892";"TF";"Factor: E2F-1; motif: NNNNGGCGGGAARN";19958;1438;"Down"
"2719";"query_1";TRUE;4,83329509274972e-12;6365;878;390;0,444191343963554;0,0612725844461901;"TF:M08875";"TF";"Factor: E2F; motif: NNTTTCGCGCN";19958;1558;"Down"
"2720";"query_1";TRUE;5,04752713537344e-12;10042;1088;674;0,619485294117647;0,0671181039633539;"TF:M00738";"TF";"Factor: E2F-4:DP-1; motif: TTTSGCGC";19958;1496;"Down"
"2721";"query_1";TRUE;5,46013798441144e-12;12681;1157;858;0,741573033707865;0,0676602791577951;"TF:M12598";"TF";"Factor: E2F3; motif: NNRGMKGGAR";19958;1492;"Down"
"2722";"query_1";TRUE;6,35405169746632e-12;12441;667;510;0,764617691154423;0,0409934892693513;"TF:M04515_1";"TF";"Factor: E2F-1; motif: WWTGGCGCCAAA; match class: 1";19958;1433;"Down"
"2723";"query_1";TRUE;8,86761583840235e-12;13716;670;549;0,819402985074627;0,0400262467191601;"TF:M11530_1";"TF";"Factor: E2F-2; motif: NWTTTGGCGCCAWWNN; match class: 1";19958;1469;"Down"
"2724";"query_1";TRUE;9,41109942793963e-12;3010;926;229;0,247300215982721;0,0760797342192691;"TF:M00737_1";"TF";"Factor: E2F-1:DP-2; motif: TTTSSCGC; match class: 1";19958;1425;"Down"
"2725";"query_1";TRUE;2,06719184191683e-11;11299;1215;816;0,671604938271605;0,0722187804230463;"TF:M11601_1";"TF";"Factor: TCF-1; motif: ACATCGRGRCGCTGW; match class: 1";19958;8399;"Down"
"2726";"query_1";TRUE;2,44327797293726e-11;7446;909;451;0,496149614961496;0,0605694332527532;"TF:M00431";"TF";"Factor: E2F-1; motif: TTTSGCGS";19958;1454;"Down"
"2727";"query_1";TRUE;2,74078629097716e-11;7194;1215;565;0,465020576131687;0,0785376702807895;"TF:M00695_1";"TF";"Factor: ETF; motif: GVGGMGG; match class: 1";19958;2161;"Down"
"2728";"query_1";TRUE;3,62823272503779e-11;10659;1218;779;0,639573070607553;0,0730837789661319;"TF:M00740";"TF";"Factor: Rb:E2F-1:DP-1; motif: TTTSGCGC";19958;1420;"Down"
"2729";"query_1";TRUE;4,41430378527161e-11;1569;1218;172;0,141215106732348;0,109623964308477;"TF:M00919_1";"TF";"Factor: E2F; motif: NCSCGCSAAAN; match class: 1";19958;1555;"Down"
"2730";"query_1";TRUE;1,04941854629329e-10;2318;1218;229;0,188013136288998;0,0987920621225194;"TF:M00431_1";"TF";"Factor: E2F-1; motif: TTTSGCGS; match class: 1";19958;1455;"Down"
"2731";"query_1";TRUE;1,08661767848224e-10;2788;945;216;0,228571428571429;0,0774748923959828;"TF:M09895_1";"TF";"Factor: E2F-6; motif: NGGGCGGGARRNN; match class: 1";19958;1523;"Down"
"2732";"query_1";TRUE;1,23370900420749e-10;2111;1218;213;0,17487684729064;0,100900047370914;"TF:M00516_1";"TF";"Factor: E2F-1; motif: TTTSGCGCGMNR; match class: 1";19958;1545;"Down"
"2733";"query_1";TRUE;1,61579626100354e-10;9145;935;540;0,577540106951872;0,0590486604702023;"TF:M00428";"TF";"Factor: E2F-1; motif: NKTSSCGC";19958;1444;"Down"
"2734";"query_1";TRUE;1,91614695893682e-10;12169;1170;832;0,711111111111111;0,0683704495028351;"TF:M00426";"TF";"Factor: E2F; motif: TTTSGCGS";19958;1552;"Down"
"2735";"query_1";TRUE;3,44256404665294e-10;7479;689;352;0,51088534107402;0,0470651156571734;"TF:M00938";"TF";"Factor: E2F-1; motif: TTGGCGCGRAANNGNM";19958;1446;"Down"
"2736";"query_1";TRUE;6,15388191383185e-10;15572;600;536;0,893333333333333;0,034420755201644;"TF:M08525_1";"TF";"Factor: E2F-1:HES-7; motif: GGCRCGTGSYNNWNGGCGCSM; match class: 1";19958;1431;"Down"
"2737";"query_1";TRUE;6,47795804149375e-10;8920;884;501;0,566742081447964;0,0561659192825112;"TF:M00737";"TF";"Factor: E2F-1:DP-2; motif: TTTSSCGC";19958;1424;"Down"
"2738";"query_1";TRUE;7,57332435371849e-10;1721;1218;180;0,147783251231527;0,10459035444509;"TF:M00939_1";"TF";"Factor: E2F; motif: TTTSGCGSG; match class: 1";19958;1557;"Down"
"2739";"query_1";TRUE;9,83927048035772e-10;1338;1218;149;0,122331691297209;0,11136023916293;"TF:M00920_1";"TF";"Factor: E2F; motif: NKCGCGCSAAAN; match class: 1";19958;1563;"Down"
"2740";"query_1";TRUE;1,07734009788204e-09;10458;1079;680;0,630213160333642;0,0650219927328361;"TF:M04516_1";"TF";"Factor: E2F-1; motif: TTTGGCGCCAAA; match class: 1";19958;1435;"Down"
"2741";"query_1";TRUE;1,53590386540136e-09;11106;607;423;0,696869851729819;0,0380875202593193;"TF:M11535";"TF";"Factor: E2F-4; motif: TTTTGGCGCCAWWN";19958;1510;"Down"
"2742";"query_1";TRUE;1,88283209349034e-09;9664;1217;710;0,583401807723911;0,0734685430463576;"TF:M11022";"TF";"Factor: IRX2a; motif: ACRYGNNNNACRYGT";19958;4376;"Down"
"2743";"query_1";TRUE;2,63709396358302e-09;4069;1073;314;0,292637465051258;0,0771688375522241;"TF:M10121";"TF";"Factor: ZFX; motif: SNAGGCCNCR";19958;9328;"Down"
"2744";"query_1";TRUE;3,09604046931223e-09;16540;356;339;0,952247191011236;0,0204957678355502;"TF:M10438";"TF";"Factor: ZF5; motif: GGSGCGCGS";19958;9216;"Down"
"2745";"query_1";TRUE;3,81448786589259e-09;14733;902;753;0,834811529933481;0,0511097536143352;"TF:M08205";"TF";"Factor: E2F-1:Elk-1; motif: SGCGCSNNAMCGGAAGT";19958;1426;"Down"
"2746";"query_1";TRUE;5,25108733513217e-09;6173;1182;476;0,402707275803723;0,0771099951401264;"TF:M09893";"TF";"Factor: E2F-3; motif: NNGGCGGGAAA";19958;1486;"Down"
"2747";"query_1";TRUE;5,74357987428186e-09;3842;768;227;0,295572916666667;0,0590838105153566;"TF:M12516";"TF";"Factor: E2F6; motif: NNNGGCGGGAANN";19958;1524;"Down"
"2748";"query_1";TRUE;6,44019898761657e-09;16779;902;828;0,917960088691796;0,0493473985338816;"TF:M01240";"TF";"Factor: BEN; motif: CAGCGRNV";19958;500;"Down"
"2749";"query_1";TRUE;6,65024860240816e-09;11329;1218;807;0,66256157635468;0,0712331185453262;"TF:M00425";"TF";"Factor: E2F; motif: TTTCGCGC";19958;1548;"Down"
"2750";"query_1";TRUE;7,72390163958911e-09;9745;907;545;0,600882028665932;0,055926115956901;"TF:M00427";"TF";"Factor: E2F; motif: TTTSGCGS";19958;1560;"Down"
"2751";"query_1";TRUE;7,90510369820559e-09;11634;1079;737;0,683039851714551;0,0633488052260615;"TF:M04516";"TF";"Factor: E2F-1; motif: TTTGGCGCCAAA";19958;1434;"Down"
"2752";"query_1";TRUE;8,18961521503856e-09;15984;967;854;0,883143743536711;0,0534284284284284;"TF:M12599_1";"TF";"Factor: E2F4; motif: YCCCGCCNCNNSSNNSNN; match class: 1";19958;1513;"Down"
"2753";"query_1";TRUE;8,58759439742798e-09;13501;1218;931;0,764367816091954;0,0689578549737057;"TF:M01240_1";"TF";"Factor: BEN; motif: CAGCGRNV; match class: 1";19958;501;"Down"
"2754";"query_1";TRUE;8,90593727702106e-09;2203;1218;213;0,17487684729064;0,0966863368134362;"TF:M08874_1";"TF";"Factor: E2F1; motif: NNNNNGCGSSAAAN; match class: 1";19958;1453;"Down"
"2755";"query_1";TRUE;9,43494294765013e-09;7208;1218;554;0,454844006568144;0,0768590455049944;"TF:M00050";"TF";"Factor: E2F; motif: TTTSGCGC";19958;1542;"Down"
"2756";"query_1";TRUE;9,81266158329197e-09;8684;770;429;0,557142857142857;0,0494011976047904;"TF:M01199";"TF";"Factor: RNF96; motif: BCCCGCRGCC";19958;7282;"Down"
"2757";"query_1";TRUE;1,0176998426473e-08;14321;1218;976;0,801313628899836;0,0681516653864953;"TF:M12597";"TF";"Factor: E2F1; motif: GSGCGGGAAN";19958;1442;"Down"
"2758";"query_1";TRUE;1,07300350265303e-08;5805;1170;447;0,382051282051282;0,0770025839793282;"TF:M00920";"TF";"Factor: E2F; motif: NKCGCGCSAAAN";19958;1562;"Down"
"2759";"query_1";TRUE;1,76479890662803e-08;1927;1218;191;0,156814449917898;0,0991177996886352;"TF:M00050_1";"TF";"Factor: E2F; motif: TTTSGCGC; match class: 1";19958;1543;"Down"
"2760";"query_1";TRUE;2,11358379076921e-08;16505;358;339;0,946927374301676;0,0205392305362012;"TF:M09894";"TF";"Factor: E2F-4; motif: SNGGGCGGGAANN";19958;1508;"Down"
"2761";"query_1";TRUE;2,21182140531582e-08;16412;771;700;0,907911802853437;0,0426517182549354;"TF:M00716";"TF";"Factor: ZF5; motif: GSGCGCGR";19958;9212;"Down"
"2762";"query_1";TRUE;2,44875190737082e-08;10247;719;458;0,636995827538248;0,0446960085878794;"TF:M02052";"TF";"Factor: EHF; motif: CSCGGAARTN";19958;1672;"Down"
"2763";"query_1";TRUE;2,52027968620928e-08;7571;667;338;0,506746626686657;0,0446440364548937;"TF:M08523_1";"TF";"Factor: E2F-1:TBR2; motif: NGGTGNNANGGCGCNNTNNCRNNN; match class: 1";19958;1429;"Down"
"2764";"query_1";TRUE;2,710610895901e-08;1293;1198;139;0,116026711185309;0,107501933488012;"TF:M00918_1";"TF";"Factor: E2F; motif: TTTSGCGSG; match class: 1";19958;1551;"Down"
"2765";"query_1";TRUE;2,77448502076096e-08;11270;896;603;0,672991071428571;0,0535048802129547;"TF:M01660";"TF";"Factor: GABP-alpha; motif: CTTCCK";19958;2878;"Down"
"2766";"query_1";TRUE;2,86968945177057e-08;1360;955;122;0,127748691099476;0,0897058823529412;"TF:M09893_1";"TF";"Factor: E2F-3; motif: NNGGCGGGAAA; match class: 1";19958;1487;"Down"
"2767";"query_1";TRUE;3,68760374630679e-08;13450;1218;925;0,75944170771757;0,0687732342007435;"TF:M02089";"TF";"Factor: E2F-3; motif: GGCGGGN";19958;1494;"Down"
"2768";"query_1";TRUE;5,3469806534441e-08;13372;667;524;0,785607196401799;0,0391863595572839;"TF:M11058";"TF";"Factor: Hey1; motif: NGCRCGYGYN";19958;3370;"Down"
"2769";"query_1";TRUE;5,46441855048757e-08;9607;1218;699;0,573891625615764;0,0727594462371188;"TF:M02089_1";"TF";"Factor: E2F-3; motif: GGCGGGN; match class: 1";19958;1495;"Down"
"2770";"query_1";TRUE;7,05872242592988e-08;6366;1176;480;0,408163265306122;0,0754005655042413;"TF:M11022_1";"TF";"Factor: IRX2a; motif: ACRYGNNNNACRYGT; match class: 1";19958;4377;"Down"
"2771";"query_1";TRUE;7,18869389461834e-08;6582;1218;509;0,417898193760263;0,0773321178972957;"TF:M00939";"TF";"Factor: E2F; motif: TTTSGCGSG";19958;1556;"Down"
"2772";"query_1";TRUE;8,282097716756e-08;16608;444;416;0,936936936936937;0,0250481695568401;"TF:M11603";"TF";"Factor: TCF-1; motif: ACATCGRGRCGCTGW";19958;8402;"Down"
"2773";"query_1";TRUE;8,61476785509957e-08;15759;685;606;0,884671532846715;0,0384542166381116;"TF:M08207_1";"TF";"Factor: E2F-3:TBR2; motif: ANGTGYKANGGCGCSTTNNCRNNT; match class: 1";19958;1475;"Down"
"2774";"query_1";TRUE;1,12137155015472e-07;11910;917;641;0,699018538713195;0,0538203190596138;"TF:M11435";"TF";"Factor: Elk-1; motif: NNCCGGAAGTN";19958;1852;"Down"
"2775";"query_1";TRUE;1,21087605375953e-07;12769;884;655;0,740950226244344;0,0512961077609836;"TF:M02065";"TF";"Factor: ER81; motif: RCCGGAARYN";19958;1946;"Down"
"2776";"query_1";TRUE;1,30822183267874e-07;11694;763;533;0,698558322411533;0,0455789293654866;"TF:M04710_1";"TF";"Factor: CHD2; motif: TCTCGCGAG; match class: 1";19958;835;"Down"
"2777";"query_1";TRUE;1,43950052036982e-07;2329;1097;200;0,182315405651778;0,08587376556462;"TF:M10436_1";"TF";"Factor: YY1; motif: CAANATGGCGGC; match class: 1";19958;9023;"Down"
"2778";"query_1";TRUE;1,54845442394358e-07;11168;1218;790;0,648604269293924;0,0707378223495702;"TF:M04950";"TF";"Factor: Egr-1; motif: NGCGTGCGY";19958;1610;"Down"
"2779";"query_1";TRUE;1,62918074394936e-07;17138;302;293;0,970198675496689;0,0170965106780254;"TF:M08526";"TF";"Factor: E2F-3:HES-7; motif: NNNSGCGCSNNNNNCRCGYGNN";19958;1480;"Down"
"2780";"query_1";TRUE;1,70065714810738e-07;1963;1170;184;0,157264957264957;0,0937340804890474;"TF:M10119";"TF";"Factor: REX-1; motif: GGCMGCCATTTT";19958;7176;"Down"
"2781";"query_1";TRUE;2,08837507204674e-07;17475;358;348;0,972067039106145;0,0199141630901288;"TF:M12599";"TF";"Factor: E2F4; motif: YCCCGCCNCNNSSNNSNN";19958;1512;"Down"
"2782";"query_1";TRUE;2,37413212751345e-07;5718;1209;447;0,369727047146402;0,0781741867785939;"TF:M00918";"TF";"Factor: E2F; motif: TTTSGCGSG";19958;1550;"Down"
"2783";"query_1";TRUE;2,37792003955792e-07;16569;625;574;0,9184;0,0346430080270384;"TF:M11529";"TF";"Factor: E2F-2; motif: GCGCGCGCNCS";19958;1466;"Down"
"2784";"query_1";TRUE;2,42828329391229e-07;4332;1007;304;0,30188679245283;0,0701754385964912;"TF:M02011";"TF";"Factor: HES-1; motif: GSCACGMGMC";19958;3340;"Down"
"2785";"query_1";TRUE;2,93101643793347e-07;13393;600;473;0,788333333333333;0,0353169566191294;"TF:M11533";"TF";"Factor: E2F-1; motif: NTTTTGGCGCCAWWWN";19958;1440;"Down"
"2786";"query_1";TRUE;3,21084755539739e-07;4038;688;209;0,303779069767442;0,0517582961862308;"TF:M01253";"TF";"Factor: CNOT3; motif: GGCCGCGSSS";19958;910;"Down"
"2787";"query_1";TRUE;3,4248396319558e-07;8907;612;351;0,573529411764706;0,0394072078140788;"TF:M11533_1";"TF";"Factor: E2F-1; motif: NTTTTGGCGCCAWWWN; match class: 1";19958;1441;"Down"
"2788";"query_1";TRUE;4,5061123188358e-07;2472;880;174;0,197727272727273;0,0703883495145631;"TF:M12596";"TF";"Factor: DP2; motif: NNGGCGGGARN";19958;1352;"Down"
"2789";"query_1";TRUE;5,10649047734372e-07;5887;846;334;0,394799054373522;0,0567351792084253;"TF:M11541";"TF";"Factor: Foxn2; motif: NNGCGTCNNNNNGACGCNN";19958;2702;"Down"
"2790";"query_1";TRUE;5,5959239740022e-07;7269;668;322;0,482035928143713;0,0442977025725684;"TF:M03971_1";"TF";"Factor: ELK1; motif: NACTTCCGSCGGAAGYN; match class: 1";19958;1843;"Down"
"2791";"query_1";TRUE;5,75144693629679e-07;6293;1209;482;0,398676592224979;0,0765930398855872;"TF:M00919";"TF";"Factor: E2F; motif: NCSCGCSAAAN";19958;1554;"Down"
"2792";"query_1";TRUE;8,1869593965084e-07;11107;1059;687;0,648725212464589;0,06185288556766;"TF:M11058_1";"TF";"Factor: Hey1; motif: NGCRCGYGYN; match class: 1";19958;3371;"Down"
"2793";"query_1";TRUE;8,46390816362273e-07;1222;1218;130;0,106732348111658;0,106382978723404;"TF:M00739_1";"TF";"Factor: E2F-4:DP-2; motif: TTTCSCGC; match class: 1";19958;1499;"Down"
"2794";"query_1";TRUE;9,36982225111726e-07;8311;892;462;0,517937219730942;0,0555889784622789;"TF:M09904";"TF";"Factor: Elk-1; motif: RCCGGAAGTGN";19958;1844;"Down"
"2795";"query_1";TRUE;1,12804488560811e-06;5717;1218;446;0,366174055829228;0,0780129438516705;"TF:M00739";"TF";"Factor: E2F-4:DP-2; motif: TTTCSCGC";19958;1498;"Down"
"2796";"query_1";TRUE;1,17746151525193e-06;5621;846;320;0,378250591016548;0,0569293719978652;"TF:M11541_1";"TF";"Factor: Foxn2; motif: NNGCGTCNNNNNGACGCNN; match class: 1";19958;2703;"Down"
"2797";"query_1";TRUE;1,20418285766537e-06;11026;892;582;0,652466367713004;0,0527843279521132;"TF:M02070";"TF";"Factor: TEL1; motif: CNCGGAANNN";19958;8542;"Down"
"2798";"query_1";TRUE;1,24960410308849e-06;9067;1206;652;0,540630182421227;0,071909120988199;"TF:M06948";"TF";"Factor: Sp2; motif: TGGGCGCGCCCA";19958;7858;"Down"
"2799";"query_1";TRUE;1,59137611778182e-06;6675;861;373;0,43321718931475;0,0558801498127341;"TF:M11535_1";"TF";"Factor: E2F-4; motif: TTTTGGCGCCAWWN; match class: 1";19958;1511;"Down"
"2800";"query_1";TRUE;1,94908542660727e-06;2653;682;148;0,217008797653959;0,055785902751602;"TF:M00938_1";"TF";"Factor: E2F-1; motif: TTGGCGCGRAANNGNM; match class: 1";19958;1447;"Down"
"2801";"query_1";TRUE;1,95854588477054e-06;4255;621;197;0,317230273752013;0,0462984723854289;"TF:M01593";"TF";"Factor: Zfx; motif: SNSCAGGCCKCGSCSS";19958;9324;"Down"
"2802";"query_1";TRUE;2,07950707822647e-06;4438;1200;355;0,295833333333333;0,07999098693105;"TF:M01199_1";"TF";"Factor: RNF96; motif: BCCCGCRGCC; match class: 1";19958;7283;"Down"
"2803";"query_1";TRUE;2,54296885523117e-06;4865;1079;349;0,323447636700649;0,0717368961973279;"TF:M11528_1";"TF";"Factor: E2F-2; motif: NTTTTGGCGCCAWWWN; match class: 1";19958;1465;"Down"
"2804";"query_1";TRUE;2,81752012927541e-06;16212;738;659;0,892953929539295;0,0406489020478658;"TF:M11018_1";"TF";"Factor: IRX-1; motif: NACRYNNNNNNNNRYGNN; match class: 1";19958;4367;"Down"
"2805";"query_1";TRUE;2,95654448170832e-06;536;835;55;0,0658682634730539;0,102611940298507;"TF:M11537";"TF";"Factor: E2F-8; motif: NNTTCCCGCCAAAW";19958;1538;"Down"
"2806";"query_1";TRUE;3,02430024573136e-06;13701;1218;929;0,762725779967159;0,0678052696883439;"TF:M11883";"TF";"Factor: pax-6; motif: NYACGCNTSRNYGCNYN";19958;6406;"Down"
"2807";"query_1";TRUE;3,14240032080275e-06;11693;1216;812;0,667763157894737;0,0694432566492773;"TF:M11882_1";"TF";"Factor: pax-6; motif: NYACGCNYSANYGMNCN; match class: 1";19958;6405;"Down"
"2808";"query_1";TRUE;3,32978524669418e-06;6224;792;326;0,411616161616162;0,0523778920308483;"TF:M00189_1";"TF";"Factor: AP-2; motif: MKCCCSCNGGCG; match class: 1";19958;155;"Down"
"2809";"query_1";TRUE;4,03853650710043e-06;10760;770;496;0,644155844155844;0,0460966542750929;"TF:M10072";"TF";"Factor: sp4; motif: NNGNARGRGGCGGRGCNNRR";19958;7888;"Down"
"2810";"query_1";TRUE;4,39797191533661e-06;3110;1079;241;0,223354958294717;0,077491961414791;"TF:M03806";"TF";"Factor: ZBTB7C; motif: GKCCCGGGCKG";19958;9192;"Down"
"2811";"query_1";TRUE;4,85415011346302e-06;12411;728;528;0,725274725274725;0,0425429054870679;"TF:M08523";"TF";"Factor: E2F-1:TBR2; motif: NGGTGNNANGGCGCNNTNNCRNNN";19958;1428;"Down"
"2812";"query_1";TRUE;5,01459076145175e-06;3259;920;219;0,23804347826087;0,0671985271555692;"TF:M12697";"TF";"Factor: ZNF142; motif: SNSCGCCCGCCCGCSCSS";19958;9490;"Down"
"2813";"query_1";TRUE;5,6895143160467e-06;17325;581;548;0,943201376936317;0,0316305916305916;"TF:M08207";"TF";"Factor: E2F-3:TBR2; motif: ANGTGYKANGGCGCSTTNNCRNNT";19958;1474;"Down"
"2814";"query_1";TRUE;6,25469598504169e-06;3993;1115;303;0,271748878923767;0,0758827948910594;"TF:M00976";"TF";"Factor: AhR,; motif: NRCGTGNGN";19958;14;"Down"
"2815";"query_1";TRUE;6,31507138315845e-06;15511;762;656;0,860892388451444;0,0422925665656631;"TF:M04826_1";"TF";"Factor: p300; motif: ACNTCCG; match class: 1";19958;1937;"Down"
"2816";"query_1";TRUE;7,41911052970544e-06;437;880;49;0,0556818181818182;0,112128146453089;"TF:M12310";"TF";"Factor: ZNF597; motif: NGCCGCCATTTTGN";19958;10742;"Down"
"2817";"query_1";TRUE;8,48154468884193e-06;10301;687;430;0,625909752547307;0,0417435200465974;"TF:M02071";"TF";"Factor: ETV7; motif: NCCGGAANNN";19958;2310;"Down"
"2818";"query_1";TRUE;8,56033543078083e-06;3699;1218;306;0,251231527093596;0,0827250608272506;"TF:M00428_1";"TF";"Factor: E2F-1; motif: NKTSSCGC; match class: 1";19958;1445;"Down"
"2819";"query_1";TRUE;8,6930215090708e-06;13892;670;533;0,795522388059702;0,038367405701123;"TF:M07039_1";"TF";"Factor: ETF; motif: CCCCGCCCCYN; match class: 1";19958;2163;"Down"
"2820";"query_1";TRUE;9,26151063788251e-06;9530;699;410;0,586552217453505;0,0430220356768101;"TF:M10426";"TF";"Factor: ctcf; motif: CCRSCAGGGGGCGCN";19958;1148;"Down"
"2821";"query_1";TRUE;1,21262908250919e-05;7854;892;435;0,487668161434978;0,0553857906799083;"TF:M11447";"TF";"Factor: Elf-1; motif: NAMCCGGAAGTN";19958;1706;"Down"
"2822";"query_1";TRUE;1,40424764690738e-05;10790;998;628;0,629258517034068;0,0582020389249305;"TF:M12722";"TF";"Factor: ZXDL; motif: GSGSCNNGGGMRGCNCCGGGS";19958;11640;"Down"
"2823";"query_1";TRUE;1,43973190385706e-05;8453;892;462;0,517937219730942;0,0546551520170354;"TF:M08759";"TF";"Factor: c-Ets-2; motif: NCCGGAAGTG";19958;2174;"Down"
"2824";"query_1";TRUE;1,46332409589528e-05;8750;1047;550;0,52531041069723;0,0628571428571429;"TF:M05361";"TF";"Factor: Sp6; motif: WGGGCGG";19958;7900;"Down"
"2825";"query_1";TRUE;1,46332409589528e-05;8750;1047;550;0,52531041069723;0,0628571428571429;"TF:M05332";"TF";"Factor: Sp2; motif: WGGGCGG";19958;7856;"Down"
"2826";"query_1";TRUE;1,46332409589528e-05;8750;1047;550;0,52531041069723;0,0628571428571429;"TF:M05444";"TF";"Factor: CPBP; motif: NGGGCGG";19958;940;"Down"
"2827";"query_1";TRUE;1,73943901450978e-05;10198;687;425;0,61863173216885;0,0416748382035693;"TF:M00025";"TF";"Factor: Elk-1; motif: NNNNCCGGAARTNN";19958;1832;"Down"
"2828";"query_1";TRUE;1,81979385944989e-05;10609;1209;739;0,611248966087676;0,0696578376849844;"TF:M00986_1";"TF";"Factor: Churchill; motif: CGGGNN; match class: 1";19958;833;"Down"
"2829";"query_1";TRUE;2,36407170623624e-05;6871;1217;512;0,420706655710764;0,0745160820841217;"TF:M02065_1";"TF";"Factor: ER81; motif: RCCGGAARYN; match class: 1";19958;1947;"Down"
"2830";"query_1";TRUE;2,43433361429945e-05;6327;1211;475;0,392237819983485;0,0750750750750751;"TF:M06948_1";"TF";"Factor: Sp2; motif: TGGGCGCGCCCA; match class: 1";19958;7859;"Down"
"2831";"query_1";TRUE;2,72876087512577e-05;14381;388;327;0,842783505154639;0,0227383353035255;"TF:M09636_1";"TF";"Factor: MAZ; motif: GGGMGGGGSSGGGGGGGGGGGG; match class: 1";19958;4985;"Down"
"2832";"query_1";TRUE;2,79084843650954e-05;14332;470;390;0,829787234042553;0,027211833658945;"TF:M04710";"TF";"Factor: CHD2; motif: TCTCGCGAG";19958;834;"Down"
"2833";"query_1";TRUE;2,95152133743121e-05;982;850;81;0,0952941176470588;0,0824847250509165;"TF:M01593_1";"TF";"Factor: Zfx; motif: SNSCAGGCCKCGSCSS; match class: 1";19958;9325;"Down"
"2834";"query_1";TRUE;2,99844382200487e-05;11292;1141;737;0,64592462751972;0,0652674459794545;"TF:M12227";"TF";"Factor: ZIC4; motif: NNCCNCCCRYNGYGN";19958;9360;"Down"
"2835";"query_1";TRUE;3,68266158114277e-05;11974;613;434;0,707993474714519;0,0362451979288458;"TF:M08206";"TF";"Factor: E2F-3:Prrxl1; motif: SGCGCTAATTNN";19958;1472;"Down"
"2836";"query_1";TRUE;3,99156310475463e-05;10122;711;434;0,610407876230661;0,0428769017980636;"TF:M11400";"TF";"Factor: Fli-1; motif: NACCGGAARTN";19958;2452;"Down"
"2837";"query_1";TRUE;4,01585936755188e-05;11733;770;527;0,684415584415584;0,044916048751385;"TF:M09826";"TF";"Factor: BTEB3; motif: CCNNSCCNSCCCCKCCCCC";19958;624;"Down"
"2838";"query_1";TRUE;4,07348337289601e-05;4033;965;266;0,275647668393782;0,0659558641210017;"TF:M07042";"TF";"Factor: HES-1; motif: NNCKYGTGNNN";19958;3336;"Down"
"2839";"query_1";TRUE;4,28709266473415e-05;2759;1212;236;0,194719471947195;0,0855382384922073;"TF:M08775_1";"TF";"Factor: IRF-2; motif: NAANYGAAASYR; match class: 1";19958;4267;"Down"
"2840";"query_1";TRUE;4,79382901470642e-05;10903;826;529;0,64043583535109;0,048518756305604;"TF:M07395";"TF";"Factor: Sp1; motif: NGGGGCGGGGN";19958;7842;"Down"
"2841";"query_1";TRUE;4,93856034658101e-05;17389;581;547;0,941480206540448;0,0314566680085111;"TF:M08525";"TF";"Factor: E2F-1:HES-7; motif: GGCRCGTGSYNNWNGGCGCSM";19958;1430;"Down"
"2842";"query_1";TRUE;5,16683065798846e-05;10849;698;451;0,646131805157593;0,0415706516729653;"TF:M00189";"TF";"Factor: AP-2; motif: MKCCCSCNGGCG";19958;154;"Down"
"2843";"query_1";TRUE;5,3461033563803e-05;7956;892;436;0,488789237668161;0,0548014077425842;"TF:M04714";"TF";"Factor: Elf-1; motif: ACTTCCGGG";19958;1692;"Down"
"2844";"query_1";TRUE;5,36407629901232e-05;6052;1089;414;0,380165289256198;0,0684071381361533;"TF:M07234";"TF";"Factor: YY1; motif: CAARATGGCNGC";19958;9016;"Down"
"2845";"query_1";TRUE;6,00897725570183e-05;8191;491;262;0,533604887983707;0,0319863264558662;"TF:M00430";"TF";"Factor: E2F-1; motif: NTTSGCGG";19958;1448;"Down"
"2846";"query_1";TRUE;6,05450732369024e-05;8797;892;474;0,531390134529148;0,0538820052290554;"TF:M12600";"TF";"Factor: ELF1; motif: NNNASCCGGAAGTGGNNNN";19958;1720;"Down"
"2847";"query_1";TRUE;6,15997087460544e-05;7207;892;401;0,449551569506726;0,0556403496600527;"TF:M12603";"TF";"Factor: ERM; motif: NNCACTTCCGGNN";19958;2054;"Down"
"2848";"query_1";TRUE;6,56217385155149e-05;16540;1218;1077;0,88423645320197;0,0651148730350665;"TF:M09636";"TF";"Factor: MAZ; motif: GGGMGGGGSSGGGGGGGGGGGG";19958;4984;"Down"
"2849";"query_1";TRUE;6,60086826123042e-05;4364;1218;346;0,284072249589491;0,0792850595783685;"TF:M00800_1";"TF";"Factor: AP-2; motif: GSCCSCRGGCNRNRNN; match class: 1";19958;151;"Down"
"2850";"query_1";TRUE;8,71706526074701e-05;8412;613;325;0,530179445350734;0,0386352829291488;"TF:M12351_1";"TF";"Factor: TIEG1; motif: NCCCNSNCCCCGCCCCC; match class: 1";19958;8775;"Down"
"2851";"query_1";TRUE;8,73225241328728e-05;3049;1175;248;0,211063829787234;0,0813381436536569;"TF:M10111";"TF";"Factor: ZF5; motif: NGAGCGCGC";19958;9214;"Down"
"2852";"query_1";TRUE;0,000102881740181718;11471;1209;785;0,64929693961952;0,0684334408508413;"TF:M03971";"TF";"Factor: ELK1; motif: NACTTCCGSCGGAAGYN";19958;1842;"Down"
"2853";"query_1";TRUE;0,000107829803677704;8477;892;458;0,513452914798206;0,0540285478353191;"TF:M08913";"TF";"Factor: FLI-1; motif: NAYTTCCGGT";19958;2442;"Down"
"2854";"query_1";TRUE;0,00010964900565898;14199;1022;802;0,784735812133072;0,0564828509049933;"TF:M08487";"TF";"Factor: GCMa:Erg; motif: ATGCGGGCGGAARKG";19958;3034;"Down"
"2855";"query_1";TRUE;0,000125735475685462;9915;665;399;0,6;0,0402420574886536;"TF:M00933";"TF";"Factor: Sp1; motif: CCCCGCCCCN";19958;7840;"Down"
"2856";"query_1";TRUE;0,000126442791146054;5925;1082;402;0,371534195933457;0,0678481012658228;"TF:M01035";"TF";"Factor: YY1; motif: NYNKCCATNTT";19958;9034;"Down"
"2857";"query_1";TRUE;0,000136199767384156;10229;663;408;0,615384615384615;0,0398865969302962;"TF:M09723";"TF";"Factor: BTEB1; motif: GGGGGCGGGGCNGSGGGNGS";19958;610;"Down"
"2858";"query_1";TRUE;0,00014672735602391;6082;1089;413;0,379247015610652;0,0679052943110819;"TF:M10104";"TF";"Factor: YY1; motif: CAARATGGCGGC";19958;9020;"Down"
"2859";"query_1";TRUE;0,000148019246461497;779;926;71;0,0766738660907127;0,0911424903722722;"TF:M03925_1";"TF";"Factor: YY2; motif: NCCGCCATNTY; match class: 1";19958;9041;"Down"
"2860";"query_1";TRUE;0,000150574398975336;2575;1047;195;0,186246418338109;0,0757281553398058;"TF:M00430_1";"TF";"Factor: E2F-1; motif: NTTSGCGG; match class: 1";19958;1449;"Down"
"2861";"query_1";TRUE;0,000160586076077145;8434;892;455;0,510089686098655;0,0539483044818591;"TF:M09905";"TF";"Factor: SAP-1; motif: NNCCGGAAGTGN";19958;1876;"Down"
"2862";"query_1";TRUE;0,000166735333724725;10253;1183;697;0,589180050718512;0,0679801033843753;"TF:M08867";"TF";"Factor: AP2; motif: GCCYGSGGSN";19958;152;"Down"
"2863";"query_1";TRUE;0,000184853002593157;10707;892;556;0,623318385650224;0,0519286448118054;"TF:M03977";"TF";"Factor: ETS1; motif: ACCGGAARYN";19958;2164;"Down"
"2864";"query_1";TRUE;0,000201751187728001;7999;1206;572;0,474295190713101;0,0715089386173272;"TF:M00322";"TF";"Factor: c-Myc:Max; motif: GCCAYGYGSN";19958;5374;"Down"
"2865";"query_1";TRUE;0,0002154366581608;6880;666;295;0,442942942942943;0,0428779069767442;"TF:M01873";"TF";"Factor: Egr-1; motif: GCGGGGGCGG";19958;1630;"Down"
"2866";"query_1";TRUE;0,000215450591586467;10706;834;522;0,62589928057554;0,0487577059592752;"TF:M04691_1";"TF";"Factor: Kaiso; motif: TCTCGCGAG; match class: 1";19958;9111;"Down"
"2867";"query_1";TRUE;0,000227325986128087;6366;1001;397;0,396603396603397;0,0623625510524662;"TF:M11061";"TF";"Factor: HES-1; motif: GGCRCGTGNC";19958;3332;"Down"
"2868";"query_1";TRUE;0,000228310774920815;15770;699;606;0,866952789699571;0,038427393785669;"TF:M11882";"TF";"Factor: pax-6; motif: NYACGCNYSANYGMNCN";19958;6404;"Down"
"2869";"query_1";TRUE;0,000237235395414684;12806;827;601;0,726723095525998;0,0469311260346712;"TF:M08208";"TF";"Factor: E2F-3:FOXI1; motif: NGACACCGCGCCCAC";19958;1476;"Down"
"2870";"query_1";TRUE;0,000238669085968118;8965;625;346;0,5536;0,0385945343000558;"TF:M08487_1";"TF";"Factor: GCMa:Erg; motif: ATGCGGGCGGAARKG; match class: 1";19958;3035;"Down"
"2871";"query_1";TRUE;0,000276933902851785;4490;1000;295;0,295;0,0657015590200445;"TF:M10426_1";"TF";"Factor: ctcf; motif: CCRSCAGGGGGCGCN; match class: 1";19958;1149;"Down"
"2872";"query_1";TRUE;0,000277734710156443;9612;1085;607;0,559447004608295;0,063150228880566;"TF:M00470";"TF";"Factor: AP-2gamma; motif: GCCYNNGGS";19958;138;"Down"
"2873";"query_1";TRUE;0,000317526207793271;14464;429;357;0,832167832167832;0,0246819690265487;"TF:M00986";"TF";"Factor: Churchill; motif: CGGGNN";19958;832;"Down"
"2874";"query_1";TRUE;0,000328792096003402;9979;667;400;0,599700149925038;0,0400841767712196;"TF:M02036";"TF";"Factor: WT1; motif: CGCCCCCNCN";19958;8978;"Down"
"2875";"query_1";TRUE;0,000334144948775689;6226;1089;419;0,38475665748393;0,0672984259556698;"TF:M12273";"TF";"Factor: YY1; motif: GGCSGCCATTTTGN";19958;9024;"Down"
"2876";"query_1";TRUE;0,000341868286513899;2740;784;160;0,204081632653061;0,0583941605839416;"TF:M01175_1";"TF";"Factor: CKROX; motif: SCCCTCCCC; match class: 1";19958;851;"Down"
"2877";"query_1";TRUE;0,000344129892376882;8362;1211;595;0,491329479768786;0,0711552260224827;"TF:M00341";"TF";"Factor: GABP; motif: VCCGGAAGNGCR";19958;2884;"Down"
"2878";"query_1";TRUE;0,000351327910705355;10481;826;507;0,613801452784504;0,0483732468275928;"TF:M00196";"TF";"Factor: Sp1; motif: NGGGGGCGGGGYN";19958;7848;"Down"
"2879";"query_1";TRUE;0,000368612313556593;8832;707;381;0,538896746817539;0,0431385869565217;"TF:M11392";"TF";"Factor: Erg; motif: NACCGGAARYN";19958;2028;"Down"
"2880";"query_1";TRUE;0,000407475215398574;2077;1166;177;0,15180102915952;0,08521906596052;"TF:M09789";"TF";"Factor: TFDP1; motif: NSGCGGGAANN";19958;8656;"Down"
"2881";"query_1";TRUE;0,000415605033079059;5881;833;314;0,376950780312125;0,0533922802244516;"TF:M12728";"TF";"Factor: THAP7; motif: GNCGCCATSTTGRGNGKGGC";19958;8742;"Down"
"2882";"query_1";TRUE;0,000436466196794294;6075;931;356;0,382384532760473;0,0586008230452675;"TF:M00931_1";"TF";"Factor: Sp1; motif: GGGGCGGGGC; match class: 1";19958;7851;"Down"
"2883";"query_1";TRUE;0,000455090135712967;8582;1147;578;0,503923278116826;0,0673502680027965;"TF:M04106_1";"TF";"Factor: RUNX2; motif: NRACCGCAAACCGCAN; match class: 1";19958;7345;"Down"
"2884";"query_1";TRUE;0,000460319884345825;9053;1132;598;0,528268551236749;0,0660554512316359;"TF:M00024";"TF";"Factor: E2F-1; motif: TWSGCGCGAAAAYKR";19958;1540;"Down"
"2885";"query_1";TRUE;0,000465230543780703;8102;892;437;0,489910313901345;0,053937299432239;"TF:M07415";"TF";"Factor: Elf-1; motif: AWCCCGGAAGTN";19958;1696;"Down"
"2886";"query_1";TRUE;0,000472460476122358;13834;1216;922;0,758223684210526;0,0666473904872054;"TF:M09918";"TF";"Factor: Pet-1; motif: GCNGGAAGYG";19958;6530;"Down"
"2887";"query_1";TRUE;0,000476408037449057;7299;907;406;0,447629547960309;0,0556240580901493;"TF:M09918_1";"TF";"Factor: Pet-1; motif: GCNGGAAGYG; match class: 1";19958;6531;"Down"
"2888";"query_1";TRUE;0,000507487065730668;4718;1218;364;0,298850574712644;0,0771513353115727;"TF:M03925";"TF";"Factor: YY2; motif: NCCGCCATNTY";19958;9040;"Down"
"2889";"query_1";TRUE;0,000570843173046118;3137;558;134;0,240143369175627;0,0427159706726171;"TF:M09632";"TF";"Factor: Kaiso; motif: GNTCTCGCGAGRNNNNGGN";19958;9114;"Down"
"2890";"query_1";TRUE;0,000613709729678482;5272;594;213;0,358585858585859;0,040402124430956;"TF:M00469";"TF";"Factor: AP-2alpha; motif: GCCNNNRGS";19958;126;"Down"
"2891";"query_1";TRUE;0,000645199599789971;8815;623;338;0,542536115569823;0,038343732274532;"TF:M05439";"TF";"Factor: RREB-1; motif: GGGWCSA";19958;7334;"Down"
"2892";"query_1";TRUE;0,000656249789182151;10487;1018;614;0,603143418467583;0,0585486793172499;"TF:M01104";"TF";"Factor: MOVO-B; motif: GNGGGGG";19958;5230;"Down"
"2893";"query_1";TRUE;0,000691507274267121;11688;1046;691;0,660611854684512;0,0591204654346338;"TF:M11066";"TF";"Factor: HES-7; motif: GNCACGYGNN";19958;3354;"Down"
"2894";"query_1";TRUE;0,000724391647702973;10671;669;422;0,630792227204783;0,0395464342610814;"TF:M00932";"TF";"Factor: Sp1; motif: NNGGGGCGGGGNN";19958;7846;"Down"
"2895";"query_1";TRUE;0,000730906306591871;615;1083;65;0,0600184672206833;0,105691056910569;"TF:M12516_1";"TF";"Factor: E2F6; motif: NNNGGCGGGAANN; match class: 1";19958;1525;"Down"
"2896";"query_1";TRUE;0,000741994971014003;629;441;36;0,0816326530612245;0,0572337042925278;"TF:M11679";"TF";"Factor: IRF-7; motif: NCGAAANCGAAANYN";19958;4334;"Down"
"2897";"query_1";TRUE;0,00075083042787036;8353;907;454;0,500551267916207;0,0543517299173949;"TF:M11434";"TF";"Factor: Elk-1; motif: NRSCGGAAGNN";19958;1850;"Down"
"2898";"query_1";TRUE;0,000772627115328511;7039;1089;463;0,425160697887971;0,0657763886915755;"TF:M12275";"TF";"Factor: YY1; motif: NGCCGCCATYTTGN";19958;9026;"Down"
"2899";"query_1";TRUE;0,000840727042315893;13419;1208;891;0,737582781456954;0,0663983903420523;"TF:M11881";"TF";"Factor: pax-6; motif: NYACGCNTSANYGCNYN";19958;6402;"Down"
"2900";"query_1";TRUE;0,000902408283218267;3388;1007;232;0,23038728897716;0,0684769775678867;"TF:M05361_1";"TF";"Factor: Sp6; motif: WGGGCGG; match class: 1";19958;7901;"Down"
"2901";"query_1";TRUE;0,000902408283218267;3388;1007;232;0,23038728897716;0,0684769775678867;"TF:M05444_1";"TF";"Factor: CPBP; motif: NGGGCGG; match class: 1";19958;941;"Down"
"2902";"query_1";TRUE;0,000902408283218267;3388;1007;232;0,23038728897716;0,0684769775678867;"TF:M05332_1";"TF";"Factor: Sp2; motif: WGGGCGG; match class: 1";19958;7857;"Down"
"2903";"query_1";TRUE;0,00101889511290273;5897;892;332;0,37219730941704;0,0562998134644735;"TF:M09605";"TF";"Factor: Elf-1; motif: NAANCMGGAAGTGN";19958;1698;"Down"
"2904";"query_1";TRUE;0,00104702200702017;9305;728;406;0,557692307692308;0,0436324556689952;"TF:M00800";"TF";"Factor: AP-2; motif: GSCCSCRGGCNRNRNN";19958;150;"Down"
"2905";"query_1";TRUE;0,00104900913651836;10951;892;562;0,630044843049327;0,0513195141996165;"TF:M11396";"TF";"Factor: Erg; motif: NACCGGAARTN";19958;2036;"Down"
"2906";"query_1";TRUE;0,00106298218851801;12581;771;551;0,714656290531777;0,0437962006199825;"TF:M12351";"TF";"Factor: TIEG1; motif: NCCCNSNCCCCGCCCCC";19958;8774;"Down"
"2907";"query_1";TRUE;0,00113149160768439;1073;655;67;0,102290076335878;0,0624417520969245;"TF:M01253_1";"TF";"Factor: CNOT3; motif: GGCCGCGSSS; match class: 1";19958;911;"Down"
"2908";"query_1";TRUE;0,00118213743962814;8290;892;443;0,496636771300448;0,053437876960193;"TF:M11424";"TF";"Factor: Erm; motif: NNSCGGAWGYN";19958;2052;"Down"
"2909";"query_1";TRUE;0,00118915526647134;1602;1089;134;0,123048668503214;0,083645443196005;"TF:M12275_1";"TF";"Factor: YY1; motif: NGCCGCCATYTTGN; match class: 1";19958;9027;"Down"
"2910";"query_1";TRUE;0,00120776107871079;8698;669;355;0,530642750373692;0,0408139802253392;"TF:M07277";"TF";"Factor: BTEB2; motif: RGGGNGKGGN";19958;622;"Down"
"2911";"query_1";TRUE;0,00125597903662833;6949;892;381;0,427130044843049;0,0548280328104763;"TF:M03982";"TF";"Factor: ETV4; motif: ACCGGAAGTN";19958;2268;"Down"
"2912";"query_1";TRUE;0,001259222370362;8460;612;320;0,522875816993464;0,0378250591016548;"TF:M07226";"TF";"Factor: SP1; motif: NCCCCKCCCCC";19958;7826;"Down"
"2913";"query_1";TRUE;0,00128052901909044;385;1146;48;0,0418848167539267;0,124675324675325;"TF:M11536";"TF";"Factor: E2F-8; motif: NTTTCCCGCCAAAW";19958;1536;"Down"
"2914";"query_1";TRUE;0,00129183949408246;9456;901;500;0,554938956714761;0,0528764805414552;"TF:M10086";"TF";"Factor: TAFII250; motif: RARRWGGCGGMGGNGR";19958;8166;"Down"
"2915";"query_1";TRUE;0,00129299452520226;8705;1077;549;0,50974930362117;0,0630672027570362;"TF:M10071";"TF";"Factor: Sp1; motif: NGGGGGCGGGGCCNGGGGGGGG";19958;7830;"Down"
"2916";"query_1";TRUE;0,00135861355495615;2138;605;105;0,173553719008264;0,04911131898971;"TF:M01241_1";"TF";"Factor: BEN; motif: CWGCGAYA; match class: 1";19958;503;"Down"
"2917";"query_1";TRUE;0,00137258229796119;13301;948;701;0,739451476793249;0,0527028043004285;"TF:M11880";"TF";"Factor: pax-6; motif: NYACGCWTSANYGMNCN";19958;6400;"Down"
"2918";"query_1";TRUE;0,00137595718099628;5767;892;325;0,364349775784753;0,0563551239812728;"TF:M12601";"TF";"Factor: ELF4; motif: NCCACTTCCGGNNNN";19958;1780;"Down"
"2919";"query_1";TRUE;0,00138064533387063;9317;625;353;0,5648;0,0378877321026081;"TF:M08911";"TF";"Factor: CTCF; motif: NCCRSTAGGGGGCGC";19958;1138;"Down"
"2920";"query_1";TRUE;0,00142610547604784;9859;759;442;0,582345191040843;0,0448321330763769;"TF:M08313_1";"TF";"Factor: GCMa:PEA3; motif: ATRCGGGCGGAAGTR; match class: 1";19958;3039;"Down"
"2921";"query_1";TRUE;0,00142681530529864;6037;580;231;0,398275862068966;0,0382640384296836;"TF:M12227_1";"TF";"Factor: ZIC4; motif: NNCCNCCCRYNGYGN; match class: 1";19958;9361;"Down"
"2922";"query_1";TRUE;0,00145509432195709;10526;668;415;0,62125748502994;0,0394261827854836;"TF:M00931";"TF";"Factor: Sp1; motif: GGGGCGGGGC";19958;7850;"Down"
"2923";"query_1";TRUE;0,00161317543030664;7928;710;346;0,487323943661972;0,0436427850655903;"TF:M11883_1";"TF";"Factor: pax-6; motif: NYACGCNTSRNYGCNYN; match class: 1";19958;6407;"Down"
"2924";"query_1";TRUE;0,00170724399501028;12977;1216;869;0,714638157894737;0,0669646297295215;"TF:M08441_1";"TF";"Factor: AP-2gamma:Elk-1; motif: NGCCKNRGGSGRCGGAAGTG; match class: 1";19958;8581;"Down"
"2925";"query_1";TRUE;0,00184627120990682;7015;892;383;0,429372197309417;0,0545972915181753;"TF:M11451";"TF";"Factor: Elf-1; motif: NANCCGGAAGTN";19958;1714;"Down"
"2926";"query_1";TRUE;0,00187202828258626;8083;667;332;0,497751124437781;0,0410738587158233;"TF:M07354";"TF";"Factor: Egr-1; motif: GCGGGGGCGG";19958;1628;"Down"
"2927";"query_1";TRUE;0,00205750748495036;7280;1206;520;0,431177446102819;0,0714285714285714;"TF:M08208_1";"TF";"Factor: E2F-3:FOXI1; motif: NGACACCGCGCCCAC; match class: 1";19958;1477;"Down"
"2928";"query_1";TRUE;0,00214597800021564;6258;1004;386;0,384462151394422;0,0616810482582295;"TF:M03896";"TF";"Factor: EGR1; motif: NACGCCCACGCANW";19958;1602;"Down"
"2929";"query_1";TRUE;0,00219432446150143;7004;892;382;0,428251121076233;0,0545402627070246;"TF:M02069";"TF";"Factor: Erm; motif: ACCGGAAGTN";19958;2044;"Down"
"2930";"query_1";TRUE;0,00224714259846335;13892;1014;774;0,763313609467456;0,0557155197235819;"TF:M03876";"TF";"Factor: Kaiso; motif: GCMGGGRGCRGS";19958;4516;"Down"
"2931";"query_1";TRUE;0,0023295057438299;10601;612;384;0,627450980392157;0,0362229978303934;"TF:M11528";"TF";"Factor: E2F-2; motif: NTTTTGGCGCCAWWWN";19958;1464;"Down"
"2932";"query_1";TRUE;0,00236113829534617;7466;395;195;0,493670886075949;0,0261184034288776;"TF:M00245";"TF";"Factor: Egr-3; motif: NTGCGTGGGCGK";19958;1648;"Down"
"2933";"query_1";TRUE;0,00240498785334039;9426;621;353;0,568438003220612;0,0374496074687036;"TF:M03895";"TF";"Factor: CTCF; motif: WGCGCCMYCTAGYGGYN";19958;1130;"Down"
"2934";"query_1";TRUE;0,0024514457393344;7658;783;366;0,467432950191571;0,0477931574823714;"TF:M08878";"TF";"Factor: EGR; motif: CGCCCCCGCNN";19958;1668;"Down"
"2935";"query_1";TRUE;0,00271999134516622;1667;1092;137;0,125457875457875;0,0821835632873425;"TF:M08982_1";"TF";"Factor: YY1; motif: NAANATGGCGNNN; match class: 1";19958;9019;"Down"
"2936";"query_1";TRUE;0,00285304358047786;543;1116;59;0,0528673835125448;0,10865561694291;"TF:M07045";"TF";"Factor: IRF-1; motif: NNRAAANNGAAASN";19958;4260;"Down"
"2937";"query_1";TRUE;0,00301176410438017;6529;931;373;0,400644468313641;0,0571297289018226;"TF:M07395_1";"TF";"Factor: Sp1; motif: NGGGGCGGGGN; match class: 1";19958;7843;"Down"
"2938";"query_1";TRUE;0,00325062369117739;1144;1142;105;0,0919439579684764;0,0917832167832168;"TF:M10104_1";"TF";"Factor: YY1; motif: CAARATGGCGGC; match class: 1";19958;9021;"Down"
"2939";"query_1";TRUE;0,0032698575216858;1172;1142;107;0,0936952714535902;0,091296928327645;"TF:M07234_1";"TF";"Factor: YY1; motif: CAARATGGCNGC; match class: 1";19958;9017;"Down"
"2940";"query_1";TRUE;0,00337934726880204;1092;1212;106;0,0874587458745875;0,0970695970695971;"TF:M07370_1";"TF";"Factor: YY1; motif: NNNNAARATGGNNNN; match class: 1";19958;9031;"Down"
"2941";"query_1";TRUE;0,00349176029452347;3783;756;196;0,259259259259259;0,0518107322231034;"TF:M00187";"TF";"Factor: USF; motif: GYCACGTGNC";19958;8894;"Down"
"2942";"query_1";TRUE;0,00361510019001754;2724;966;184;0,19047619047619;0,0675477239353891;"TF:M00024_1";"TF";"Factor: E2F-1; motif: TWSGCGCGAAAAYKR; match class: 1";19958;1541;"Down"
"2943";"query_1";TRUE;0,00375589035101521;9362;664;372;0,560240963855422;0,0397350993377483;"TF:M01857";"TF";"Factor: AP-2alpha; motif: NGCCYSNNGSN";19958;134;"Down"
"2944";"query_1";TRUE;0,00378330962235805;15369;355;309;0,870422535211268;0,0201054069880929;"TF:M04691";"TF";"Factor: Kaiso; motif: TCTCGCGAG";19958;9110;"Down"
"2945";"query_1";TRUE;0,00395449251784963;272;1010;34;0,0336633663366337;0,125;"TF:M09957";"TF";"Factor: IRF-2; motif: NAAANNGAAAGTGAAASTRN";19958;4268;"Down"
"2946";"query_1";TRUE;0,0044727361528151;5737;1076;379;0,352230483271375;0,0660624019522398;"TF:M00470_1";"TF";"Factor: AP-2gamma; motif: GCCYNNGGS; match class: 1";19958;139;"Down"
"2947";"query_1";TRUE;0,00448556083715897;9286;611;342;0,559738134206219;0,0368296360111997;"TF:M12703";"TF";"Factor: ZNF383; motif: SSNGGGMGGNGSNGGS";19958;10100;"Down"
"2948";"query_1";TRUE;0,00451084599716944;10233;320;206;0,64375;0,0201309488908433;"TF:M03924";"TF";"Factor: YY1; motif: NNCGCCATTNN";19958;9010;"Down"
"2949";"query_1";TRUE;0,00472188900958585;5798;1022;365;0,357142857142857;0,0629527423249396;"TF:M01104_1";"TF";"Factor: MOVO-B; motif: GNGGGGG; match class: 1";19958;5231;"Down"
"2950";"query_1";TRUE;0,00478479735617689;9584;874;488;0,558352402745995;0,0509181969949917;"TF:M02059";"TF";"Factor: ELK-1; motif: ACCGGAAGTN";19958;1838;"Down"
"2951";"query_1";TRUE;0,00484609794260664;7533;906;410;0,452538631346578;0,0544271870436745;"TF:M11425";"TF";"Factor: PEA3; motif: NACCGGAAGTN";19958;6500;"Down"
"2952";"query_1";TRUE;0,00502845982868577;6580;429;188;0,438228438228438;0,0285714285714286;"TF:M12508";"TF";"Factor: EGR1; motif: NNMCGCCCACGCNN";19958;1626;"Down"
"2953";"query_1";TRUE;0,00528034445587424;6251;926;356;0,384449244060475;0,0569508878579427;"TF:M02044";"TF";"Factor: YY1; motif: GCCGCCATTTTG";19958;9008;"Down"
"2954";"query_1";TRUE;0,00529044179894548;660;934;59;0,063169164882227;0,0893939393939394;"TF:M02102_1";"TF";"Factor: NRF-1; motif: YGCGCMTGCGC; match class: 1";19958;6041;"Down"
"2955";"query_1";TRUE;0,00551645346002621;4244;832;233;0,280048076923077;0,0549010367577757;"TF:M10086_1";"TF";"Factor: TAFII250; motif: RARRWGGCGGMGGNGR; match class: 1";19958;8167;"Down"
"2956";"query_1";TRUE;0,00577056417641327;5470;837;290;0,34647550776583;0,0530164533820841;"TF:M00243";"TF";"Factor: Egr-1; motif: WTGCGTGGGCGK";19958;1598;"Down"
"2957";"query_1";TRUE;0,00612401355541961;7595;1211;538;0,444260941370768;0,0708360763660303;"TF:M01241";"TF";"Factor: BEN; motif: CWGCGAYA";19958;502;"Down"
"2958";"query_1";TRUE;0,0061613382791891;2504;1044;182;0,174329501915709;0,0726837060702875;"TF:M11061_1";"TF";"Factor: HES-1; motif: GGCRCGTGNC; match class: 1";19958;3333;"Down"
"2959";"query_1";TRUE;0,00619251578076285;14561;769;616;0,801040312093628;0,0423047867591512;"TF:M11417";"TF";"Factor: c-Ets-2; motif: NACCGGAAGYRCTTCCGGTN";19958;2178;"Down"
"2960";"query_1";TRUE;0,0067928046248797;11034;917;575;0,627044711014177;0,0521116548849012;"TF:M11430";"TF";"Factor: PEA3; motif: NACCGGAAGTN";19958;6508;"Down"
"2961";"query_1";TRUE;0,00706103381506513;9801;666;386;0,57957957957958;0,0393837363534333;"TF:M00915";"TF";"Factor: AP-2; motif: SNNNCCNCAGGCN";19958;156;"Down"
"2962";"query_1";TRUE;0,00753993873483953;6463;579;240;0,414507772020725;0,0371344576821909;"TF:M00237";"TF";"Factor: AhR:Arnt; motif: GRGKATYGCGTGMCWNSCC";19958;12;"Down"
"2963";"query_1";TRUE;0,00772488589365747;7909;1001;467;0,466533466533467;0,0590466557086863;"TF:M08767";"TF";"Factor: HES-1; motif: GNCACGTGNC";19958;3330;"Down"
"2964";"query_1";TRUE;0,00800371520662059;6396;884;347;0,392533936651584;0,0542526579111945;"TF:M09606";"TF";"Factor: nerf; motif: NRRNSCGGAAGNRNNNN";19958;1732;"Down"
"2965";"query_1";TRUE;0,00829509953648169;1584;344;53;0,15406976744186;0,033459595959596;"TF:M08020";"TF";"Factor: YY2; motif: NNCCGCCATTW";19958;9042;"Down"
"2966";"query_1";TRUE;0,00834020997807176;12711;1004;707;0,704183266932271;0,055621115569192;"TF:M11052";"TF";"Factor: Hey2; motif: NNCACGYGNN";19958;3378;"Down"
"2967";"query_1";TRUE;0,00880687318343442;7430;1170;510;0,435897435897436;0,0686406460296097;"TF:M01175";"TF";"Factor: CKROX; motif: SCCCTCCCC";19958;850;"Down"
"2968";"query_1";TRUE;0,00910191027152999;16660;771;688;0,892347600518807;0,041296518607443;"TF:M07039";"TF";"Factor: ETF; motif: CCCCGCCCCYN";19958;2162;"Down"
"2969";"query_1";TRUE;0,0093488695535572;9600;892;496;0,556053811659193;0,0516666666666667;"TF:M01752";"TF";"Factor: ERG; motif: ACCGGAART";19958;2012;"Down"
"2970";"query_1";TRUE;0,00972694211088041;10755;892;547;0,61322869955157;0,0508600650860065;"TF:M11427";"TF";"Factor: PEA3; motif: NACCGGAAGTN";19958;6502;"Down"
"2971";"query_1";TRUE;0,0100264874634025;7286;605;275;0,454545454545455;0,0377436178973374;"TF:M00144_1";"TF";"Factor: Pax-5; motif: RRMSWGANWYCTNRAGCGKRACSRYNSM; match class: 1";19958;6379;"Down"
"2972";"query_1";TRUE;0,0102522820111512;438;1212;52;0,0429042904290429;0,118721461187215;"TF:M07216";"TF";"Factor: IRF1; motif: NNNYASTTTCACTTTCNNTTT";19958;4254;"Down"
"2973";"query_1";TRUE;0,0103513232448407;3007;823;172;0,208991494532199;0,0571998669770535;"TF:M07348_1";"TF";"Factor: AP-2alpha; motif: NSCCNCRGGSN; match class: 1";19958;133;"Down"
"2974";"query_1";TRUE;0,0109340327126358;2837;256;64;0,25;0,0225590412407473;"TF:M12642";"TF";"Factor: NFYA; motif: NNRGCCAATSRGMRSSNNSN";19958;5730;"Down"
"2975";"query_1";TRUE;0,0109639647265775;2899;256;65;0,25390625;0,0224215246636771;"TF:M12616";"TF";"Factor: HMGXB3; motif: NRGCCAATSRGNRNNS";19958;3466;"Down"
"2976";"query_1";TRUE;0,0118967471070349;7176;1081;459;0,424606845513413;0,0639632107023411;"TF:M08982";"TF";"Factor: YY1; motif: NAANATGGCGNNN";19958;9018;"Down"
"2977";"query_1";TRUE;0,0121710687727079;1979;1142;160;0,140105078809107;0,0808489135927236;"TF:M04696_1";"TF";"Factor: YY1; motif: GCCGCCATNTTGNNNNNGGNCN; match class: 1";19958;9013;"Down"
"2978";"query_1";TRUE;0,0123155421722419;7802;1001;460;0,45954045954046;0,0589592412202;"TF:M08767_1";"TF";"Factor: HES-1; motif: GNCACGTGNC; match class: 1";19958;3331;"Down"
"2979";"query_1";TRUE;0,0123874989371522;4654;788;238;0,302030456852792;0,0511388053287495;"TF:M00915_1";"TF";"Factor: AP-2; motif: SNNNCCNCAGGCN; match class: 1";19958;157;"Down"
"2980";"query_1";TRUE;0,0124580789668501;8475;666;340;0,510510510510511;0,040117994100295;"TF:M03893";"TF";"Factor: WT1; motif: GNGGGGGCGGGG";19958;8980;"Down"
"2981";"query_1";TRUE;0,0127050178284278;6966;377;174;0,461538461538462;0,024978466838932;"TF:M01118";"TF";"Factor: WT1; motif: SMCNCCNSC";19958;8976;"Down"
"2982";"query_1";TRUE;0,0130397438365824;5135;595;202;0,339495798319328;0,0393378773125609;"TF:M08206_1";"TF";"Factor: E2F-3:Prrxl1; motif: SGCGCTAATTNN; match class: 1";19958;1473;"Down"
"2983";"query_1";TRUE;0,0130552722789054;8056;1218;567;0,46551724137931;0,070382323733863;"TF:M05386";"TF";"Factor: KLF17; motif: NGGGCGG";19958;4554;"Down"
"2984";"query_1";TRUE;0,0130552722789054;8056;1218;567;0,46551724137931;0,070382323733863;"TF:M05499";"TF";"Factor: LKLF; motif: NGGGCGG";19958;4756;"Down"
"2985";"query_1";TRUE;0,0133800607372009;7661;959;435;0,453597497393118;0,056781099073228;"TF:M01214";"TF";"Factor: ESE-1; motif: NSMGGAARTN";19958;2076;"Down"
"2986";"query_1";TRUE;0,0133800607372009;7661;959;435;0,453597497393118;0,056781099073228;"TF:M02055";"TF";"Factor: ESE-1; motif: NSMGGAARTN";19958;2072;"Down"
"2987";"query_1";TRUE;0,0138177705738561;5488;421;158;0,375296912114014;0,0287900874635569;"TF:M01972";"TF";"Factor: EGR-1; motif: TGCGTGGGCGK";19958;1600;"Down"
"2988";"query_1";TRUE;0,014332337600894;5820;1107;390;0,35230352303523;0,0670103092783505;"TF:M07370";"TF";"Factor: YY1; motif: NNNNAARATGGNNNN";19958;9030;"Down"
"2989";"query_1";TRUE;0,0155742087752282;6311;924;355;0,384199134199134;0,0562509903343369;"TF:M00244";"TF";"Factor: NGFI-C; motif: WTGCGTGGGYGG";19958;5756;"Down"
"2990";"query_1";TRUE;0,0160718048093545;8803;933;478;0,512325830653805;0,0542996705668522;"TF:M12593";"TF";"Factor: CTCF; motif: NNRSYGCCMCCTGSTGGCCN";19958;1150;"Down"
"2991";"query_1";TRUE;0,0166950250146751;5964;580;223;0,38448275862069;0,0373910127431254;"TF:M12313";"TF";"Factor: ZNF460; motif: NNACNCCCCCCNN";19958;10332;"Down"
"2992";"query_1";TRUE;0,0174887683874936;8615;584;305;0,522260273972603;0,0354033662217063;"TF:M03807";"TF";"Factor: SP2; motif: GNNGGGGGCGGGGSN";19958;7874;"Down"
"2993";"query_1";TRUE;0,0175247568657847;4051;931;244;0,262083780880773;0,0602320414712417;"TF:M08911_1";"TF";"Factor: CTCF; motif: NCCRSTAGGGGGCGC; match class: 1";19958;1139;"Down"
"2994";"query_1";TRUE;0,0177173784499684;5690;1140;392;0,343859649122807;0,0688927943760984;"TF:M04950_1";"TF";"Factor: Egr-1; motif: NGCGTGCGY; match class: 1";19958;1611;"Down"
"2995";"query_1";TRUE;0,017754330009601;11088;769;487;0,633289986996099;0,0439213564213564;"TF:M09973";"TF";"Factor: CPBP; motif: GNNRGGGHGGGGNNGGGRN";19958;942;"Down"
"2996";"query_1";TRUE;0,0181424645028873;2152;1217;180;0,147904683648316;0,0836431226765799;"TF:M07052";"TF";"Factor: NRF-1; motif: GCGCMTGCGCN";19958;6036;"Down"
"2997";"query_1";TRUE;0,0181577229679197;8869;825;429;0,52;0,0483707295072725;"TF:M12666";"TF";"Factor: SP1; motif: GGCCCCGCCCCCN";19958;7838;"Down"
"2998";"query_1";TRUE;0,0188109344634545;6212;931;352;0,378088077336198;0,0566645202833226;"TF:M00932_1";"TF";"Factor: Sp1; motif: NNGGGGCGGGGNN; match class: 1";19958;7847;"Down"
"2999";"query_1";TRUE;0,0191072961752236;5938;796;294;0,369346733668342;0,049511620074099;"TF:M11480_1";"TF";"Factor: AP-2alpha; motif: NGCCTSAGGCN; match class: 1";19958;8561;"Down"
"3000";"query_1";TRUE;0,019277178738215;1670;1021;126;0,123408423114594;0,0754491017964072;"TF:M11664";"TF";"Factor: IRF-2; motif: NGAAASYGAAAS";19958;4270;"Down"
"3001";"query_1";TRUE;0,0205303977870775;2075;1010;149;0,147524752475248;0,0718072289156627;"TF:M04015";"TF";"Factor: IRF-4; motif: NCGAAACCGAAACYA";19958;4290;"Down"
"3002";"query_1";TRUE;0,02071384400417;7169;892;383;0,429372197309417;0,0534244664527828;"TF:M02066";"TF";"Factor: PEA3; motif: RCCGGAAGYN";19958;6496;"Down"
"3003";"query_1";TRUE;0,0210816648673132;11218;735;471;0,640816326530612;0,041986093777857;"TF:M11081";"TF";"Factor: SREBP-1; motif: RTCRCGTGAY";19958;7982;"Down"
"3004";"query_1";TRUE;0,0214168665952086;1389;662;77;0,11631419939577;0,0554355651547876;"TF:M12057_1";"TF";"Factor: ZBP99; motif: GCCCMTCCCCCR; match class: 1";19958;9261;"Down"
"3005";"query_1";TRUE;0,0219661274790685;6848;847;351;0,414403778040142;0,0512558411214953;"TF:M07249";"TF";"Factor: ctcf; motif: CCNCNAGRKGGCRSTN";19958;1152;"Down"
"3006";"query_1";TRUE;0,0222386657466052;5674;396;153;0,386363636363636;0,0269651039830807;"TF:M12345";"TF";"Factor: Zbtb37; motif: NYACCGCRNTCACCGCR";19958;9122;"Down"
"3007";"query_1";TRUE;0,0223664712404311;11271;694;448;0,645533141210375;0,0397480259071955;"TF:M08390";"TF";"Factor: A-Myb:Elf-1; motif: NMCCGGAACCGTTA";19958;5318;"Down"
"3008";"query_1";TRUE;0,0226555865105419;5960;296;124;0,418918918918919;0,0208053691275168;"TF:M11438";"TF";"Factor: SAP-1; motif: NTCGTAAATGCN";19958;1882;"Down"
"3009";"query_1";TRUE;0,0230170726221908;9311;667;367;0,550224887556222;0,0394157448179573;"TF:M03876_1";"TF";"Factor: Kaiso; motif: GCMGGGRGCRGS; match class: 1";19958;4517;"Down"
"3010";"query_1";TRUE;0,0239760180083065;1631;979;119;0,121552604698672;0,0729613733905579;"TF:M03866";"TF";"Factor: c-Fos:c-Jun; motif: NTGACTCAN";19958;822;"Down"
"3011";"query_1";TRUE;0,0243000159010436;14258;769;602;0,782834850455137;0,0422219105063824;"TF:M11417_1";"TF";"Factor: c-Ets-2; motif: NACCGGAAGYRCTTCCGGTN; match class: 1";19958;2179;"Down"
"3012";"query_1";TRUE;0,0243142689468199;4712;955;283;0,296335078534031;0,0600594227504244;"TF:M01857_1";"TF";"Factor: AP-2alpha; motif: NGCCYSNNGSN; match class: 1";19958;135;"Down"
"3013";"query_1";TRUE;0,0243333187324355;7288;892;388;0,434977578475336;0,053238199780461;"TF:M11428";"TF";"Factor: PEA3; motif: NACCGGAAGTN";19958;6504;"Down"
"3014";"query_1";TRUE;0,0255767488975214;1023;1101;90;0,0817438692098093;0,0879765395894428;"TF:M00772";"TF";"Factor: IRF; motif: RRAANTGAAASYGNV";19958;4362;"Down"
"3015";"query_1";TRUE;0,0257018635033689;6788;377;169;0,448275862068966;0,024896876841485;"TF:M09973_1";"TF";"Factor: CPBP; motif: GNNRGGGHGGGGNNGGGRN; match class: 1";19958;943;"Down"
"3016";"query_1";TRUE;0,0260903187629772;11475;770;501;0,650649350649351;0,0436601307189542;"TF:M08377";"TF";"Factor: meis1:Elf-1; motif: NTGCCGGAAGTN";19958;5080;"Down"
"3017";"query_1";TRUE;0,0264198220853348;814;350;33;0,0942857142857143;0,0405405405405405;"TF:M10144_1";"TF";"Factor: ZNF341; motif: GRGGRRNRGNRGNRGGAASAGC; match class: 1";19958;10023;"Down"
"3018";"query_1";TRUE;0,0268020401143658;11244;1004;632;0,629482071713147;0,056207755247243;"TF:M12590";"TF";"Factor: CP2; motif: NRRRCCGGCYNRARCCGGNN";19958;8654;"Down"
"3019";"query_1";TRUE;0,0270066552254868;8230;796;388;0,487437185929648;0,0471445929526124;"TF:M07348";"TF";"Factor: AP-2alpha; motif: NSCCNCRGGSN";19958;132;"Down"
"3020";"query_1";TRUE;0,0275875744448372;264;55;7;0,127272727272727;0,0265151515151515;"TF:M12596_1";"TF";"Factor: DP2; motif: NNGGCGGGARN; match class: 1";19958;1353;"Down"
"3021";"query_1";TRUE;0,0276133523433254;8291;1045;502;0,480382775119617;0,0605475817151128;"TF:M11066_1";"TF";"Factor: HES-7; motif: GNCACGYGNN; match class: 1";19958;3355;"Down"
"3022";"query_1";TRUE;0,0278328740630117;5333;450;162;0,36;0,0303768985561598;"TF:M12057";"TF";"Factor: ZBP99; motif: GCCCMTCCCCCR";19958;9260;"Down"
"3023";"query_1";TRUE;0,0279157904366133;336;1010;37;0,0366336633663366;0,110119047619048;"TF:M09629";"TF";"Factor: IRF-1; motif: NAAANNGAAAGTGAAASTRN";19958;4256;"Down"
"3024";"query_1";TRUE;0,028088104180968;9508;446;258;0,57847533632287;0,0271350441733277;"TF:M00649";"TF";"Factor: MAZ; motif: GGGGAGGG";19958;4994;"Down"
"3025";"query_1";TRUE;0,0288828500028569;2591;1168;202;0,172945205479452;0,0779621767657275;"TF:M12464_1";"TF";"Factor: ZNF148; motif: NNCCCCTCCCCC; match class: 1";19958;9497;"Down"
"3026";"query_1";TRUE;0,0311313704724786;7671;1216;539;0,443256578947368;0,0702646330335028;"TF:M01078";"TF";"Factor: c-Ets-1; motif: NNNRCCGGAWRYNNNN";19958;814;"Down"
"3027";"query_1";TRUE;0,0312716423279551;188;1137;27;0,0237467018469657;0,143617021276596;"TF:M00774_1";"TF";"Factor: NF-kappaB; motif: NGGGANTTYCCMNNNN; match class: 1";19958;5719;"Down"
"3028";"query_1";TRUE;0,0324538343455497;6797;442;194;0,438914027149321;0,028542003825217;"TF:M12722_1";"TF";"Factor: ZXDL; motif: GSGSCNNGGGMRGCNCCGGGS; match class: 1";19958;11641;"Down"
"3029";"query_1";TRUE;0,0326580601026041;6084;931;344;0,369495166487648;0,0565417488494412;"TF:M00196_1";"TF";"Factor: Sp1; motif: NGGGGGCGGGGYN; match class: 1";19958;7849;"Down"
"3030";"query_1";TRUE;0,0329010006127333;1187;1214;109;0,0897858319604613;0,0918281381634372;"TF:M12540";"TF";"Factor: EHF; motif: NNCACTTCCTGNTNN";19958;1680;"Down"
"3031";"query_1";TRUE;0,0356367516712429;3599;667;164;0,245877061469265;0,0455682133926091;"TF:M03895_1";"TF";"Factor: CTCF; motif: WGCGCCMYCTAGYGGYN; match class: 1";19958;1131;"Down"
"3032";"query_1";TRUE;0,0364035644200481;2563;1212;206;0,16996699669967;0,0803745610612563;"TF:M00925";"TF";"Factor: AP-1; motif: NTGACTCAN";19958;122;"Down"
"3033";"query_1";TRUE;0,0382612841784915;4569;1056;300;0,284090909090909;0,0656598818122127;"TF:M00793";"TF";"Factor: YY1; motif: GCCATNTTN";19958;9032;"Down"
"3034";"query_1";TRUE;0,0398596942213872;10212;770;452;0,587012987012987;0,0442616529573051;"TF:M04148";"TF";"Factor: TFAP2A; motif: NGCCCYNNGGGCN";19958;8550;"Down"
"3035";"query_1";TRUE;0,0413175949081549;8469;1195;578;0,483682008368201;0,0682489077813201;"TF:M08775";"TF";"Factor: IRF-2; motif: NAANYGAAASYR";19958;4266;"Down"
"3036";"query_1";TRUE;0,0425453747445364;9661;1059;580;0,547686496694995;0,0600351930441983;"TF:M11052_1";"TF";"Factor: Hey2; motif: NNCACGYGNN; match class: 1";19958;3379;"Down"
"3037";"query_1";TRUE;0,0426088306254476;7950;364;185;0,508241758241758;0,0232704402515723;"TF:M08209_1";"TF";"Factor: E2F-3:FOXO6; motif: NAATGACACGCGCCCMC; match class: 1";19958;1479;"Down"
"3038";"query_1";TRUE;0,0437870347660097;4770;697;215;0,308464849354376;0,0450733752620545;"TF:M03977_1";"TF";"Factor: ETS1; motif: ACCGGAARYN; match class: 1";19958;2165;"Down"
"3039";"query_1";TRUE;0,0445143987604875;2106;1050;154;0,146666666666667;0,0731244064577398;"TF:M08700";"TF";"Factor: Erm:HES-7; motif: NCGGANGNNNNNCRCGYG";19958;2290;"Down"
"3040";"query_1";TRUE;0,0452461300409419;539;1035;52;0,0502415458937198;0,0964749536178108;"TF:M04788";"TF";"Factor: IRF-1; motif: STTTCACTTTCNNT";19958;4252;"Down"
"3041";"query_1";TRUE;0,0455251444185027;2403;1209;194;0,160463192721257;0,0807324178110695;"TF:M09966";"TF";"Factor: Kaiso; motif: SARNYCTCGCGAGAN";19958;9116;"Down"
"3042";"query_1";TRUE;0,0462095931094931;7694;662;308;0,465256797583082;0,0400311931375097;"TF:M09826_1";"TF";"Factor: BTEB3; motif: CCNNSCCNSCCCCKCCCCC; match class: 1";19958;625;"Down"
"3043";"query_1";TRUE;0,0465795141846741;1014;1128;90;0,0797872340425532;0,0887573964497041;"TF:M04020";"TF";"Factor: IRF8; motif: NCGAAACCGAAACT";19958;4340;"Down"
"3044";"query_1";TRUE;0,0466237561709352;3752;861;211;0,245063879210221;0,0562366737739872;"TF:M03924_1";"TF";"Factor: YY1; motif: NNCGCCATTNN; match class: 1";19958;9011;"Down"
"3045";"query_1";TRUE;0,0471204434264048;2696;926;170;0,183585313174946;0,0630563798219585;"TF:M12554";"TF";"Factor: YY2; motif: NNATGGCGGCN";19958;9046;"Down"
"3046";"query_1";TRUE;0,0496286848538149;8893;713;373;0,523141654978962;0,0419431013156415;"TF:M11404";"TF";"Factor: Fli-1; motif: NACCGGAARTN";19958;2458;"Down"
"3047";"query_1";TRUE;6,47546919647752e-20;86;245;29;0,118367346938776;0,337209302325581;"WP:WP2446";"WP";"Retinoblastoma gene in cancer";7364;272;"Down"
"3048";"query_1";TRUE;1,77619117292234e-08;116;291;23;0,0790378006872852;0,198275862068966;"WP:WP179";"WP";"Cell cycle";7364;347;"Down"
"3049";"query_1";TRUE;2,06942056791504e-06;61;296;15;0,0506756756756757;0,245901639344262;"WP:WP45";"WP";"G1 to S cell cycle control";7364;195;"Down"
"3050";"query_1";TRUE;0,00011991390859765;78;600;21;0,035;0,269230769230769;"WP:WP4016";"WP";"DNA IR-damage and cellular response via ATR";7364;733;"Down"
"3051";"query_1";TRUE;0,000242135210295427;68;235;12;0,051063829787234;0,176470588235294;"WP:WP707";"WP";"DNA damage response";7364;219;"Down"
"3052";"query_1";TRUE;0,000523850666336204;27;63;5;0,0793650793650794;0,185185185185185;"WP:WP2361";"WP";"Gastric cancer network 1";7364;425;"Down"
"3053";"query_1";TRUE;0,00124313909807626;32;29;4;0,137931034482759;0,125;"WP:WP2363";"WP";"Gastric cancer network 2";7364;621;"Down"
"3054";"query_1";TRUE;0,00162741497594061;91;245;13;0,0530612244897959;0,142857142857143;"WP:WP1530";"WP";"miRNA regulation of DNA damage response";7364;707;"Down"
"3055";"query_1";TRUE;0,00185933894521868;68;390;14;0,0358974358974359;0,205882352941176;"WP:WP3303";"WP";"RAC1/PAK1/p38/MMP2 pathway";7364;691;"Down"
"3056";"query_1";TRUE;0,00192197385939713;45;178;8;0,0449438202247191;0,177777777777778;"WP:WP1971";"WP";"Integrated cancer pathway";7364;522;"Down"
"3057";"query_1";TRUE;0,00288597791672586;50;415;12;0,0289156626506024;0,24;"WP:WP3646";"WP";"Hepatitis C and hepatocellular carcinoma";7364;699;"Down"
"3058";"query_1";TRUE;0,0045972403087911;114;939;31;0,033013844515442;0,271929824561404;"WP:WP411";"WP";"mRNA processing";7364;637;"Down"
"3059";"query_1";TRUE;0,00479707266768908;39;235;8;0,0340425531914894;0,205128205128205;"WP:WP2516";"WP";"ATM signaling pathway";7364;512;"Down"
"3060";"query_1";TRUE;0,00997779146865401;13;258;5;0,0193798449612403;0,384615384615385;"WP:WP2814";"WP";"Mammary gland development pathway - Puberty (Stage 2 of 4)";7364;330;"Down"
"3061";"query_1";TRUE;0,0196869543816777;31;4;2;0,5;0,0645161290322581;"WP:WP1601";"WP";"Fluoropyrimidine activity";7364;725;"Down"
"3062";"query_1";TRUE;0,0297927281174776;40;296;8;0,027027027027027;0,2;"WP:WP466";"WP";"DNA replication";7364;217;"Down"
"3063";"query_1";TRUE;0,0313186474858644;159;55;7;0,127272727272727;0,0440251572327044;"WP:WP4239";"WP";"Epithelial to mesenchymal transition in colorectal cancer";7364;604;"Down"
"3064";"query_1";TRUE;0,0405765620885352;85;48;5;0,104166666666667;0,0588235294117647;"WP:WP254";"WP";"Apoptosis";7364;510;"Down"
"3065";"query_1";TRUE;0,0437189238790566;129;18;4;0,222222222222222;0,0310077519379845;"WP:WP366";"WP";"TGF-beta signaling pathway";7364;236;"Down"
"3066";"query_1";TRUE;0,0482753958428081;10;18;2;0,111111111111111;0,2;"WP:WP2815";"WP";"Mammary gland development pathway - Involution (Stage 4 of 4)";7364;541;"Down"
